GEO_ID,COUNTY,TOTAL,TOTALurban,TOTALinsideurbanizedareas,TOTALurbanclusters,TOTALrural,STATE
2164,Lake and Peninsula Borough,1631,0,0,0,1631,Alaska
1081,Lee,140247,101806,101806,0,38441,Alabama
1097,Mobile,412992,330310,326183,4127,82682,Alabama
1073,Jefferson,658466,593714,592559,1155,64752,Alabama
5103,Ouachita,26120,11401,0,11401,14719,Arkansas
8005,Arapahoe,572003,562992,562992,0,9011,Colorado
8031,Denver,600158,600158,600158,0,0,Colorado
11001,District of Columbia,601723,601723,601723,0,0,DistrictofColumbia
12083,Marion,331298,228502,202696,25806,102796,Florida
12086,Miami-Dade,2496435,2486340,2486340,0,10095,Florida
12069,Lake,297052,239858,228744,11114,57194,Florida
13121,Fulton,920581,910660,910660,0,9921,Georgia
13273,Terrell,9315,4466,0,4466,4849,Georgia
13051,Chatham,265128,253184,249982,3202,11944,Georgia
13089,DeKalb,691893,690073,690073,0,1820,Georgia
16019,Bonneville,104234,90734,90733,1,13500,Idaho
18003,Allen,355329,313117,313117,0,42212,Indiana
18053,Grant,70061,49804,0,49804,20257,Indiana
25021,Norfolk,670850,662529,662529,0,8321,Massachusetts
25025,Suffolk,722023,721488,721488,0,535,Massachusetts
24005,Baltimore,805029,752430,752389,41,52599,Maryland
24510,Baltimore city,620961,620961,620961,0,0,Maryland
26163,Wayne,1820584,1807920,1807920,0,12664,Michigan
37063,Durham,267587,252528,252528,0,15059,NorthCarolina
37077,Granville,59916,27112,963,26149,32804,NorthCarolina
34019,Hunterdon,128349,64727,58491,6236,63622,NewJersey
34021,Mercer,366513,353749,353749,0,12764,NewJersey
34005,Burlington,448734,418834,383705,35129,29900,NewJersey
34007,Camden,513657,505349,505275,74,8308,NewJersey
34017,Hudson,634266,634266,634266,0,0,NewJersey
35035,Otero,63797,44917,0,44917,18880,NewMexico
39085,Lake,230041,215021,215021,0,15020,Ohio
39155,Trumbull,210312,152953,152898,55,57359,Ohio
39035,Cuyahoga,1280122,1272675,1272675,0,7447,Ohio
39055,Geauga,93389,33649,20818,12831,59740,Ohio
42029,Chester,498886,432651,431411,1240,66235,Pennsylvania
42033,Clearfield,81642,37678,0,37678,43964,Pennsylvania
42045,Delaware,558979,556386,556386,0,2593,Pennsylvania
42065,Jefferson,45200,17420,0,17420,27780,Pennsylvania
42091,Montgomery,799874,776408,776408,0,23466,Pennsylvania
72063,Gurabo Municipio,45369,45207,45207,0,162,PuertoRico
45021,Cherokee,55342,21556,2,21554,33786,SouthCarolina
45055,Kershaw,61697,26110,12564,13546,35587,SouthCarolina
46093,Meade,25434,15770,6324,9446,9664,SouthDakota
46103,Pennington,100948,79949,74927,5022,20999,SouthDakota
48215,Hidalgo,774769,734956,729433,5523,39813,Texas
51830,Williamsburg city,14068,14068,14068,0,0,Virginia
51003,Albemarle,98970,54411,48884,5527,44559,Virginia
51059,Fairfax,1081726,1066647,1066647,0,15079,Virginia
51199,York,65464,61471,61471,0,3993,Virginia
51510,Alexandria city,139966,139966,139966,0,0,Virginia
51540,Charlottesville city,43475,43475,43475,0,0,Virginia
51650,Hampton city,137436,137094,137094,0,342,Virginia
51700,Newport News city,180719,180668,180668,0,51,Virginia
30019,Daniels,1751,0,0,0,1751,Montana
72073,Jayuya Municipio,16642,11300,0,11300,5342,PuertoRico
39173,Wood,125488,88411,52666,35745,37077,Ohio
30079,Prairie,1179,0,0,0,1179,Montana
24023,Garrett,30097,4846,0,4846,25251,Maryland
8011,Bent,6499,4032,0,4032,2467,Colorado
13081,Crisp,23439,12416,0,12416,11023,Georgia
4027,Yuma,195751,175335,134256,41079,20416,Arizona
22019,Calcasieu Parish,192768,153250,143440,9810,39518,Louisiana
37011,Avery,17797,1996,0,1996,15801,NorthCarolina
20157,Republic,4980,0,0,0,4980,Kansas
49015,Emery,10976,2893,0,2893,8083,Utah
54011,Cabell,96319,75554,75554,0,20765,WestVirginia
5081,Little River,13171,4146,0,4146,9025,Arkansas
26049,Genesee,425790,354448,351608,2840,71342,Michigan
18153,Sullivan,21475,4518,0,4518,16957,Indiana
72077,Juncos Municipio,40290,38995,38995,0,1295,PuertoRico
20119,Meade,4575,0,0,0,4575,Kansas
31139,Pierce,7266,0,0,0,7266,Nebraska
6047,Merced,255793,219283,161757,57526,36510,California
27025,Chisago,53887,23932,0,23932,29955,Minnesota
48219,Hockley,22935,13796,0,13796,9139,Texas
50011,Franklin,47746,13505,0,13505,34241,Vermont
51036,Charles City,7256,0,0,0,7256,Virginia
21029,Bullitt,74319,51716,51716,0,22603,Kentucky
13057,Cherokee,214346,177687,175603,2084,36659,Georgia
21171,Monroe,10963,0,0,0,10963,Kentucky
48293,Limestone,23384,10846,0,10846,12538,Texas
42053,Forest,7716,0,0,0,7716,Pennsylvania
47149,Rutherford,262604,217905,217905,0,44699,Tennessee
51185,Tazewell,45078,21688,0,21688,23390,Virginia
27075,Lake,10866,3588,0,3588,7278,Minnesota
28023,Clarke,16732,0,0,0,16732,Mississippi
5147,Woodruff,7260,0,0,0,7260,Arkansas
48129,Donley,3677,0,0,0,3677,Texas
16017,Bonner,40877,11263,0,11263,29614,Idaho
6109,Tuolumne,55365,28255,0,28255,27110,California
29131,Miller,24748,5004,0,5004,19744,Missouri
28037,Franklin,8118,0,0,0,8118,Mississippi
5105,Perry,10445,0,0,0,10445,Arkansas
19019,Buchanan,20958,6594,0,6594,14364,Iowa
31077,Greeley,2538,0,0,0,2538,Nebraska
29049,Clinton,20743,4935,0,4935,15808,Missouri
6043,Mariposa,18251,0,0,0,18251,California
29139,Montgomery,12236,2629,0,2629,9607,Missouri
48321,Matagorda,36702,23336,0,23336,13366,Texas
22095,St. John the Baptist Parish,45924,39749,36940,2809,6175,Louisiana
28103,Noxubee,11545,2998,0,2998,8547,Mississippi
53051,Pend Oreille,13001,2196,0,2196,10805,Washington
36071,Orange,372813,289524,228880,60644,83289,NewYork
13103,Effingham,52250,17215,1455,15760,35035,Georgia
42013,Blair,127089,97311,79930,17381,29778,Pennsylvania
72089,Luquillo Municipio,20068,18289,18289,0,1779,PuertoRico
51121,Montgomery,94392,70864,70864,0,23528,Virginia
17089,Kane,515269,496934,492315,4619,18335,Illinois
37171,Surry,73673,22982,0,22982,50691,NorthCarolina
21159,Martin,12929,0,0,0,12929,Kentucky
26003,Alger,9601,2972,0,2972,6629,Michigan
24027,Howard,287085,260525,256804,3721,26560,Maryland
53025,Grant,89120,54587,0,54587,34533,Washington
13061,Clay,3183,0,0,0,3183,Georgia
18015,Carroll,20155,3748,0,3748,16407,Indiana
21163,Meade,28602,4033,4033,0,24569,Kentucky
51075,Goochland,21717,653,653,0,21064,Virginia
42047,Elk,31946,14160,0,14160,17786,Pennsylvania
39141,Ross,78064,32263,0,32263,45801,Ohio
21149,McLean,9531,0,0,0,9531,Kentucky
13141,Hancock,9429,3622,0,3622,5807,Georgia
72047,Corozal Municipio,37142,34771,34771,0,2371,PuertoRico
48501,Yoakum,7879,4938,0,4938,2941,Texas
31145,Red Willow,11055,7563,0,7563,3492,Nebraska
51167,Russell,28897,3414,0,3414,25483,Virginia
54099,Wayne,42481,14789,14167,622,27692,WestVirginia
51157,Rappahannock,7373,0,0,0,7373,Virginia
27159,Wadena,13843,4570,0,4570,9273,Minnesota
37005,Alleghany,11155,0,0,0,11155,NorthCarolina
48025,Bee,31861,18168,0,18168,13693,Texas
48329,Midland,136872,120048,120048,0,16824,Texas
45061,Lee,19220,5391,0,5391,13829,SouthCarolina
47051,Franklin,41052,12473,0,12473,28579,Tennessee
38089,Stark,24199,17586,0,17586,6613,NorthDakota
27097,Morrison,33198,9024,0,9024,24174,Minnesota
35045,San Juan,130044,86266,53049,33217,43778,NewMexico
48125,Dickens,2444,0,0,0,2444,Texas
20159,Rice,10083,3652,0,3652,6431,Kansas
48481,Wharton,41280,20683,0,20683,20597,Texas
47139,Polk,16825,0,0,0,16825,Tennessee
21167,Mercer,21331,8715,0,8715,12616,Kentucky
20161,Riley,71115,61269,52833,8436,9846,Kansas
27007,Beltrami,44442,14626,0,14626,29816,Minnesota
51800,Suffolk city,84585,66287,66287,0,18298,Virginia
53015,Cowlitz,102410,73068,61598,11470,29342,Washington
48383,Reagan,3367,2919,0,2919,448,Texas
17125,Mason,14666,3302,0,3302,11364,Illinois
12107,Putnam,74364,32599,0,32599,41765,Florida
17005,Bond,17768,6976,0,6976,10792,Illinois
19125,Marion,33309,17091,0,17091,16218,Iowa
48269,King,286,0,0,0,286,Texas
56021,Laramie,91738,73588,73588,0,18150,Wyoming
17025,Clay,13815,4872,0,4872,8943,Illinois
9009,New Haven,862477,831083,831083,0,31394,Connecticut
36009,Cattaraugus,80317,30719,0,30719,49598,NewYork
48387,Red River,12860,3121,0,3121,9739,Texas
2270,Wade Hampton Census Area,7459,0,0,0,7459,Alaska
48003,Andrews,14786,12346,0,12346,2440,Texas
18109,Morgan,68894,35041,21765,13276,33853,Indiana
5119,Pulaski,382748,335759,335759,0,46989,Arkansas
37137,Pamlico,13144,0,0,0,13144,NorthCarolina
13113,Fayette,106567,87195,87195,0,19372,Georgia
5127,Scott,11233,3330,0,3330,7903,Arkansas
29199,Scotland,4843,0,0,0,4843,Missouri
28127,Simpson,27503,4170,0,4170,23333,Mississippi
29057,Dade,7883,0,0,0,7883,Missouri
21011,Bath,11591,0,0,0,11591,Kentucky
55075,Marinette,41749,15936,0,15936,25813,Wisconsin
29159,Pettis,42201,26258,0,26258,15943,Missouri
29165,Platte,89322,75202,66244,8958,14120,Missouri
51111,Lunenburg,12914,0,0,0,12914,Virginia
41029,Jackson,203206,162458,159079,3379,40748,Oregon
17077,Jackson,60218,37837,28176,9661,22381,Illinois
51570,Colonial Heights city,17411,17411,17411,0,0,Virginia
19049,Dallas,66135,45907,35109,10798,20228,Iowa
39079,Jackson,33225,11768,0,11768,21457,Ohio
45081,Saluda,19875,3870,0,3870,16005,SouthCarolina
31023,Butler,8395,2879,0,2879,5516,Nebraska
53049,Pacific,20920,7370,0,7370,13550,Washington
13069,Coffee,42356,14154,0,14154,28202,Georgia
48185,Grimes,26604,8273,0,8273,18331,Texas
45077,Pickens,119224,76551,76551,0,42673,SouthCarolina
31087,Hitchcock,2908,0,0,0,2908,Nebraska
47179,Washington,122979,90486,90486,0,32493,Tennessee
13179,Liberty,63453,48757,48757,0,14696,Georgia
48043,Brewster,9232,6013,0,6013,3219,Texas
72137,Toa Baja Municipio,89609,89609,89609,0,0,PuertoRico
42043,Dauphin,268100,232380,222771,9609,35720,Pennsylvania
13251,Screven,14593,3076,0,3076,11517,Georgia
31105,Kimball,3821,0,0,0,3821,Nebraska
8097,Pitkin,17148,9568,0,9568,7580,Colorado
18123,Perry,19338,8694,0,8694,10644,Indiana
72087,Lo?za Municipio,30060,29839,29839,0,221,PuertoRico
51163,Rockbridge,22307,1865,0,1865,20442,Virginia
2198,Prince of Wales-Hyder Census Area,5559,0,0,0,5559,Alaska
39015,Brown,44846,10512,0,10512,34334,Ohio
47047,Fayette,38413,8050,124,7926,30363,Tennessee
20057,Ford,33848,27316,0,27316,6532,Kansas
26005,Allegan,111408,39586,9558,30028,71822,Michigan
17171,Scott,5355,0,0,0,5355,Illinois
48141,El Paso,800647,783238,772374,10864,17409,Texas
30109,Wibaux,1017,0,0,0,1017,Montana
40045,Ellis,4151,0,0,0,4151,Oklahoma
13039,Camden,50513,34630,0,34630,15883,Georgia
26121,Muskegon,172188,132043,121605,10438,40145,Michigan
19033,Cerro Gordo,44151,35059,0,35059,9092,Iowa
28145,Union,27134,6632,0,6632,20502,Mississippi
48317,Martin,4799,0,0,0,4799,Texas
41045,Malheur,31313,16152,0,16152,15161,Oregon
22065,Madison Parish,12093,9379,0,9379,2714,Louisiana
5031,Craighead,96443,65419,65419,0,31024,Arkansas
45053,Jasper,24777,8258,0,8258,16519,SouthCarolina
13259,Stewart,6058,0,0,0,6058,Georgia
19041,Clay,16667,10952,0,10952,5715,Iowa
19117,Lucas,8898,3893,0,3893,5005,Iowa
48009,Archer,9054,997,997,0,8057,Texas
28055,Issaquena,1406,0,0,0,1406,Mississippi
6031,Kings,152982,136381,87941,48440,16601,California
13265,Taliaferro,1717,0,0,0,1717,Georgia
38021,Dickey,5289,0,0,0,5289,NorthDakota
38053,McKenzie,6360,0,0,0,6360,NorthDakota
13083,Dade,16633,4636,1786,2850,11997,Georgia
17109,McDonough,32612,22990,0,22990,9622,Illinois
13255,Spalding,64073,37406,37406,0,26667,Georgia
8073,Lincoln,5467,0,0,0,5467,Colorado
26113,Missaukee,14849,0,0,0,14849,Michigan
1033,Colbert,54428,30537,30066,471,23891,Alabama
39175,Wyandot,22615,9630,0,9630,12985,Ohio
40041,Delaware,41487,7834,0,7834,33653,Oklahoma
16063,Lincoln,5208,0,0,0,5208,Idaho
26069,Iosco,25887,10638,0,10638,15249,Michigan
39005,Ashland,53139,20226,0,20226,32913,Ohio
36053,Madison,73442,30151,286,29865,43291,NewYork
29081,Harrison,8957,2652,0,2652,6305,Missouri
72025,Caguas Municipio,142893,141612,141612,0,1281,PuertoRico
39119,Muskingum,86074,45591,0,45591,40483,Ohio
22031,De Soto Parish,26656,6061,0,6061,20595,Louisiana
6075,San Francisco,805235,805235,805235,0,0,California
29101,Johnson,52595,26064,0,26064,26531,Missouri
48455,Trinity,14585,3320,0,3320,11265,Texas
17019,Champaign,201081,175523,145361,30162,25558,Illinois
6111,Ventura,823318,797593,752770,44823,25725,California
20001,Allen,13371,5729,0,5729,7642,Kansas
21153,Magoffin,13333,0,0,0,13333,Kentucky
5023,Cleburne,25970,6357,0,6357,19613,Arkansas
49005,Cache,112656,94983,94983,0,17673,Utah
17097,Lake,703462,694547,694547,0,8915,Illinois
13167,Johnson,9980,3452,0,3452,6528,Georgia
5091,Miller,43462,26072,26072,0,17390,Arkansas
48033,Borden,641,0,0,0,641,Texas
31047,Dawson,24326,17842,0,17842,6484,Nebraska
56039,Teton,21294,11407,0,11407,9887,Wyoming
12017,Citrus,141236,92483,79279,13204,48753,Florida
20055,Finney,36776,29942,0,29942,6834,Kansas
17003,Alexander,8238,3142,309,2833,5096,Illinois
19111,Lee,35862,21296,0,21296,14566,Iowa
19169,Story,89542,74378,60245,14133,15164,Iowa
26135,Oscoda,8640,0,0,0,8640,Michigan
17197,Will,677560,650936,629798,21138,26624,Illinois
48139,Ellis,149610,101772,83514,18258,47838,Texas
27079,Le Sueur,27703,10483,0,10483,17220,Minnesota
13021,Bibb,155547,133132,133132,0,22415,Georgia
29171,Putnam,4979,0,0,0,4979,Missouri
48279,Lamb,13977,5914,0,5914,8063,Texas
31103,Keya Paha,824,0,0,0,824,Nebraska
6069,San Benito,55269,42002,0,42002,13267,California
47085,Humphreys,18538,3246,0,3246,15292,Tennessee
72003,Aguada Municipio,41959,41959,41959,0,0,PuertoRico
28121,Rankin,141617,93599,93599,0,48018,Mississippi
33011,Hillsborough,400721,315803,308754,7049,84918,NewHampshire
2230,Skagway Municipality,968,0,0,0,968,Alaska
20169,Saline,55606,47493,0,47493,8113,Kansas
13311,White,27144,4399,0,4399,22745,Georgia
16015,Boise,7028,0,0,0,7028,Idaho
5063,Independence,36647,11513,0,11513,25134,Arkansas
38033,Golden Valley,1680,0,0,0,1680,NorthDakota
19179,Wapello,35625,24771,0,24771,10854,Iowa
20201,Washington,5799,0,0,0,5799,Kansas
21165,Menifee,6306,0,0,0,6306,Kentucky
48045,Briscoe,1637,0,0,0,1637,Texas
47145,Roane,54181,26553,3038,23515,27628,Tennessee
21205,Rowan,23333,7282,0,7282,16051,Kentucky
29083,Henry,22272,11237,0,11237,11035,Missouri
51177,Spotsylvania,122397,82829,82829,0,39568,Virginia
2050,Bethel Census Area,17013,4434,0,4434,12579,Alaska
17009,Brown,6937,4088,0,4088,2849,Illinois
12079,Madison,19224,3843,0,3843,15381,Florida
51067,Franklin,56159,6048,0,6048,50111,Virginia
46019,Butte,10110,5240,0,5240,4870,SouthDakota
38103,Wells,4207,0,0,0,4207,NorthDakota
19053,Decatur,8457,0,0,0,8457,Iowa
21155,Marion,19820,5646,0,5646,14174,Kentucky
29089,Howard,10144,3646,0,3646,6498,Missouri
21099,Hart,18199,2332,0,2332,15867,Kentucky
30101,Toole,5324,3037,0,3037,2287,Montana
46037,Day,5710,0,0,0,5710,SouthDakota
13053,Chattahoochee,11267,7941,7941,0,3326,Georgia
37127,Nash,95840,50256,50256,0,45584,NorthCarolina
37141,Pender,52217,16315,2143,14172,35902,NorthCarolina
72085,Las Piedras Municipio,38675,37734,37734,0,941,PuertoRico
46033,Custer,8216,0,0,0,8216,SouthDakota
26141,Presque Isle,13376,2560,0,2560,10816,Michigan
28027,Coahoma,26151,17783,0,17783,8368,Mississippi
37029,Camden,9980,45,0,45,9935,NorthCarolina
13281,Towns,10471,0,0,0,10471,Georgia
38037,Grant,2394,0,0,0,2394,NorthDakota
29109,Lawrence,38634,15961,0,15961,22673,Missouri
37169,Stokes,47401,11520,11520,0,35881,NorthCarolina
4013,Maricopa,3817117,3726888,3686117,40771,90229,Arizona
37019,Brunswick,107431,61278,39915,21363,46153,NorthCarolina
20091,Johnson,544179,523317,515552,7765,20862,Kansas
39071,Highland,43589,11768,0,11768,31821,Ohio
6037,Los Angeles,9818605,9759181,9743650,15531,59424,California
48249,Jim Wells,40838,24468,0,24468,16370,Texas
31099,Kearney,6489,2949,0,2949,3540,Nebraska
46049,Faulk,2364,0,0,0,2364,SouthDakota
36115,Washington,63216,20293,14991,5302,42923,NewYork
54097,Upshur,24254,8731,0,8731,15523,WestVirginia
47091,Johnson,18244,2698,0,2698,15546,Tennessee
36021,Columbia,63096,16848,0,16848,46248,NewYork
8051,Gunnison,15324,6343,0,6343,8981,Colorado
5035,Crittenden,50902,40270,40270,0,10632,Arkansas
51139,Page,24042,4770,0,4770,19272,Virginia
27149,Stevens,9726,5123,0,5123,4603,Minnesota
29099,Jefferson,218733,152684,142807,9877,66049,Missouri
22025,Catahoula Parish,10407,0,0,0,10407,Louisiana
27103,Nicollet,32727,24358,13344,11014,8369,Minnesota
47119,Maury,80956,47284,0,47284,33672,Tennessee
13127,Glynn,79626,63250,51024,12226,16376,Georgia
19101,Jefferson,16843,10320,0,10320,6523,Iowa
40053,Grant,4527,0,0,0,4527,Oklahoma
19029,Cass,13956,6471,0,6471,7485,Iowa
8099,Prowers,12551,7796,0,7796,4755,Colorado
24045,Wicomico,98733,73254,73254,0,25479,Maryland
21111,Jefferson,741096,730920,730920,0,10176,Kentucky
51115,Mathews,8978,0,0,0,8978,Virginia
8041,El Paso,622263,566668,559360,7308,55595,Colorado
6103,Tehama,63463,30787,0,30787,32676,California
48159,Franklin,10605,3274,0,3274,7331,Texas
31121,Merrick,7845,3225,404,2821,4620,Nebraska
17151,Pope,4470,0,0,0,4470,Illinois
39129,Pickaway,55698,27924,2696,25228,27774,Ohio
54105,Wirt,5717,0,0,0,5717,WestVirginia
12091,Okaloosa,180822,158944,126512,32432,21878,Florida
21151,Madison,82916,50979,0,50979,31937,Kentucky
1133,Winston,24484,3699,0,3699,20785,Alabama
37115,Madison,20764,1948,1948,0,18816,NorthCarolina
29187,St. Francois,65359,39370,0,39370,25989,Missouri
54047,McDowell,22113,3098,0,3098,19015,WestVirginia
37107,Lenoir,59495,32719,0,32719,26776,NorthCarolina
31085,Hayes,967,0,0,0,967,Nebraska
31177,Washington,20234,7844,0,7844,12390,Nebraska
1077,Lauderdale,92709,47008,47008,0,45701,Alabama
55123,Vernon,29773,4260,163,4097,25513,Wisconsin
19087,Henry,20145,8636,0,8636,11509,Iowa
40025,Cimarron,2475,0,0,0,2475,Oklahoma
13159,Jasper,13900,2535,0,2535,11365,Georgia
50013,Grand Isle,6970,0,0,0,6970,Vermont
51131,Northampton,12389,0,0,0,12389,Virginia
47167,Tipton,61081,27410,0,27410,33671,Tennessee
28013,Calhoun,14962,0,0,0,14962,Mississippi
26057,Gratiot,42476,16924,0,16924,25552,Michigan
20167,Russell,6970,4108,0,4108,2862,Kansas
48441,Taylor,131506,110421,110421,0,21085,Texas
47073,Hawkins,56833,23949,17505,6444,32884,Tennessee
19015,Boone,26306,12986,193,12793,13320,Iowa
20125,Montgomery,35471,20068,0,20068,15403,Kansas
1083,Limestone,82782,35092,10136,24956,47690,Alabama
54075,Pocahontas,8719,0,0,0,8719,WestVirginia
35027,Lincoln,20497,9596,0,9596,10901,NewMexico
49049,Utah,516564,499378,483708,15670,17186,Utah
27073,Lac qui Parle,7259,0,0,0,7259,Minnesota
2275,Wrangell City and Borough,2369,0,0,0,2369,Alaska
27101,Murray,8725,0,0,0,8725,Minnesota
1107,Pickens,19746,0,0,0,19746,Alabama
17165,Saline,24913,14035,0,14035,10878,Illinois
48117,Deaf Smith,19372,15941,0,15941,3431,Texas
39121,Noble,14645,5488,0,5488,9157,Ohio
38007,Billings,783,0,0,0,783,NorthDakota
54063,Monroe,13502,1550,0,1550,11952,WestVirginia
35047,San Miguel,29393,15609,0,15609,13784,NewMexico
18021,Clay,26890,10517,10517,0,16373,Indiana
22115,Vernon Parish,52334,26221,0,26221,26113,Louisiana
27139,Scott,129928,107529,87904,19625,22399,Minnesota
26011,Arenac,15899,0,0,0,15899,Michigan
31185,York,13665,7633,0,7633,6032,Nebraska
2100,Haines Borough,2508,0,0,0,2508,Alaska
48437,Swisher,7854,4903,0,4903,2951,Texas
13139,Hall,179684,142747,140189,2558,36937,Georgia
29031,Cape Girardeau,75674,52591,52591,0,23083,Missouri
5099,Nevada,8997,2773,0,2773,6224,Arkansas
54045,Logan,36743,10747,0,10747,25996,WestVirginia
40149,Washita,11629,2876,0,2876,8753,Oklahoma
72039,Ciales Municipio,18782,11561,11561,0,7221,PuertoRico
53065,Stevens,43531,9052,0,9052,34479,Washington
18011,Boone,56640,37153,21738,15415,19487,Indiana
49029,Morgan,9469,3518,0,3518,5951,Utah
21033,Caldwell,12984,5890,0,5890,7094,Kentucky
46045,Edmunds,4071,0,0,0,4071,SouthDakota
31163,Sherman,3152,0,0,0,3152,Nebraska
16057,Latah,37244,24212,0,24212,13032,Idaho
48153,Floyd,6446,3009,0,3009,3437,Texas
37123,Montgomery,27798,6439,0,6439,21359,NorthCarolina
16051,Jefferson,26140,8728,0,8728,17412,Idaho
48099,Coryell,75388,60745,45435,15310,14643,Texas
20067,Grant,7829,6279,0,6279,1550,Kansas
20021,Cherokee,21603,11004,0,11004,10599,Kansas
47061,Grundy,13703,0,0,0,13703,Tennessee
13075,Cook,17212,6986,0,6986,10226,Georgia
30013,Cascade,81327,65207,65207,0,16120,Montana
47079,Henry,32330,10718,0,10718,21612,Tennessee
53043,Lincoln,10570,0,0,0,10570,Washington
41015,Curry,22364,13702,0,13702,8662,Oregon
34003,Bergen,905116,904197,904197,0,919,NewJersey
21173,Montgomery,26499,10835,0,10835,15664,Kentucky
51580,Covington city,5961,5961,0,5961,0,Virginia
13309,Wheeler,7421,0,0,0,7421,Georgia
28091,Marion,27088,7294,0,7294,19794,Mississippi
18075,Jay,21253,9425,0,9425,11828,Indiana
51087,Henrico,306935,293832,293832,0,13103,Virginia
13029,Bryan,30233,14408,9240,5168,15825,Georgia
48027,Bell,310235,263122,262421,701,47113,Texas
37145,Person,39464,9660,0,9660,29804,NorthCarolina
37099,Jackson,40271,10837,0,10837,29434,NorthCarolina
6045,Mendocino,87841,48110,0,48110,39731,California
28157,Wilkinson,9878,0,0,0,9878,Mississippi
53021,Franklin,78163,67741,63665,4076,10422,Washington
29003,Andrew,17291,6695,1557,5138,10596,Missouri
51720,Norton city,3958,3856,0,3856,102,Virginia
48179,Gray,22535,18166,0,18166,4369,Texas
48095,Concho,4087,0,0,0,4087,Texas
21071,Floyd,39451,6363,0,6363,33088,Kentucky
25011,Franklin,71372,32523,0,32523,38849,Massachusetts
6025,Imperial,174528,144129,108683,35446,30399,California
1045,Dale,50251,24679,2561,22118,25572,Alabama
13033,Burke,23316,5830,0,5830,17486,Georgia
6021,Glenn,28122,16628,0,16628,11494,California
22071,Orleans Parish,343829,341794,341794,0,2035,Louisiana
48037,Bowie,92565,59774,52090,7684,32791,Texas
30055,McCone,1734,0,0,0,1734,Montana
1061,Geneva,26790,2775,121,2654,24015,Alabama
1079,Lawrence,34339,2991,72,2919,31348,Alabama
29189,St. Louis,998954,987586,976323,11263,11368,Missouri
21141,Logan,26835,6714,0,6714,20121,Kentucky
54013,Calhoun,7627,0,0,0,7627,WestVirginia
38081,Sargent,3829,0,0,0,3829,NorthDakota
27017,Carlton,35386,15865,0,15865,19521,Minnesota
22043,Grant Parish,22309,3214,3214,0,19095,Louisiana
12105,Polk,602095,520749,463462,57287,81346,Florida
5015,Carroll,27446,7456,0,7456,19990,Arkansas
41005,Clackamas,375992,308018,264717,43301,67974,Oregon
22005,Ascension Parish,107215,93045,83862,9183,14170,Louisiana
16049,Idaho,16267,3150,0,3150,13117,Idaho
8003,Alamosa,15445,9751,0,9751,5694,Colorado
22069,Natchitoches Parish,39566,19763,0,19763,19803,Louisiana
51550,Chesapeake city,222209,205261,205261,0,16948,Virginia
46085,Lyman,3755,0,0,0,3755,SouthDakota
27001,Aitkin,16202,0,0,0,16202,Minnesota
55073,Marathon,134063,76429,74632,1797,57634,Wisconsin
45017,Calhoun,15175,0,0,0,15175,SouthCarolina
51810,Virginia Beach city,437994,431273,431273,0,6721,Virginia
53009,Clallam,71404,46089,0,46089,25315,Washington
72035,Cayey Municipio,48119,43712,43712,0,4407,PuertoRico
21197,Powell,12613,4149,0,4149,8464,Kentucky
55065,Lafayette,16836,0,0,0,16836,Wisconsin
20023,Cheyenne,2726,0,0,0,2726,Kansas
13237,Putnam,21218,4043,0,4043,17175,Georgia
19195,Worth,7598,0,0,0,7598,Iowa
45027,Clarendon,34971,4998,0,4998,29973,SouthCarolina
51013,Arlington,207627,207627,207627,0,0,Virginia
55127,Walworth,102228,67269,6731,60538,34959,Wisconsin
18067,Howard,82752,64931,61712,3219,17821,Indiana
27013,Blue Earth,64013,46798,44240,2558,17215,Minnesota
22127,Winn Parish,15313,5376,0,5376,9937,Louisiana
45029,Colleton,38892,9502,0,9502,29390,SouthCarolina
72075,Juana D?az Municipio,50747,47327,47251,76,3420,PuertoRico
54019,Fayette,46039,19395,16137,3258,26644,WestVirginia
8015,Chaffee,17809,11146,0,11146,6663,Colorado
13201,Miller,6125,0,0,0,6125,Georgia
47053,Gibson,49683,25977,0,25977,23706,Tennessee
5059,Hot Spring,32923,11204,18,11186,21719,Arkansas
39099,Mahoning,238823,202621,195160,7461,36202,Ohio
20177,Shawnee,177934,149777,149777,0,28157,Kansas
42111,Somerset,77742,22699,7520,15179,55043,Pennsylvania
45041,Florence,136885,84159,75674,8485,52726,SouthCarolina
1027,Clay,13932,0,0,0,13932,Alabama
48405,San Augustine,8865,0,0,0,8865,Texas
17111,McHenry,308760,278259,230747,47512,30501,Illinois
16055,Kootenai,138494,104917,98378,6539,33577,Idaho
5049,Fulton,12245,867,0,867,11378,Arkansas
19113,Linn,211226,184299,177844,6455,26927,Iowa
36121,Wyoming,42155,15141,0,15141,27014,NewYork
5027,Columbia,24552,10438,0,10438,14114,Arkansas
30077,Powell,7027,3217,0,3217,3810,Montana
22101,St. Mary Parish,54650,47524,0,47524,7126,Louisiana
48487,Wilbarger,13535,10572,0,10572,2963,Texas
37023,Burke,90912,52136,52136,0,38776,NorthCarolina
17119,Madison,269282,233358,218067,15291,35924,Illinois
56019,Johnson,8569,4368,0,4368,4201,Wyoming
27135,Roseau,15629,2763,0,2763,12866,Minnesota
48169,Garza,6461,5018,0,5018,1443,Texas
53047,Okanogan,41120,8229,0,8229,32891,Washington
48453,Travis,1024266,968305,953643,14662,55961,Texas
21209,Scott,47173,31859,1095,30764,15314,Kentucky
27081,Lincoln,5896,0,0,0,5896,Minnesota
20181,Sherman,6010,4553,0,4553,1457,Kansas
51183,Sussex,12087,0,0,0,12087,Virginia
29009,Barry,35597,9517,0,9517,26080,Missouri
20015,Butler,65880,39216,11492,27724,26664,Kansas
21113,Jessamine,48586,36003,2437,33566,12583,Kentucky
72055,Gu?nica Municipio,19427,17240,17240,0,2187,PuertoRico
1085,Lowndes,11299,0,0,0,11299,Alabama
19135,Monroe,7970,3573,0,3573,4397,Iowa
48235,Irion,1599,0,0,0,1599,Texas
13269,Taylor,8906,0,0,0,8906,Georgia
48113,Dallas,2368139,2351839,2351839,0,16300,Texas
51029,Buckingham,17146,0,0,0,17146,Virginia
31157,Scotts Bluff,36970,25946,0,25946,11024,Nebraska
35043,Sandoval,131561,109119,106552,2567,22442,NewMexico
20007,Barber,4861,0,0,0,4861,Kansas
17117,Macoupin,47765,19816,0,19816,27949,Illinois
55017,Chippewa,62415,33615,26826,6789,28800,Wisconsin
28113,Pike,40404,16388,0,16388,24016,Mississippi
47137,Pickett,5077,0,0,0,5077,Tennessee
49007,Carbon,21403,14187,0,14187,7216,Utah
49027,Millard,12503,3258,0,3258,9245,Utah
36123,Yates,25348,7294,0,7294,18054,NewYork
21043,Carter,27720,5716,0,5716,22004,Kentucky
28111,Perry,12250,0,0,0,12250,Mississippi
17007,Boone,54165,43677,43677,0,10488,Illinois
48389,Reeves,13783,11785,0,11785,1998,Texas
48241,Jasper,35710,7790,0,7790,27920,Texas
41053,Polk,75403,60378,26026,34352,15025,Oregon
54005,Boone,24629,4579,0,4579,20050,WestVirginia
37151,Randolph,141752,62027,21284,40743,79725,NorthCarolina
26017,Bay,107771,75104,75104,0,32667,Michigan
26051,Gladwin,25692,2934,0,2934,22758,Michigan
55077,Marquette,15404,0,0,0,15404,Wisconsin
13267,Tattnall,25520,8106,0,8106,17414,Georgia
16011,Bingham,45607,20053,0,20053,25554,Idaho
21067,Fayette,295803,286731,286731,0,9072,Kentucky
55039,Fond du Lac,101633,65930,54569,11361,35703,Wisconsin
12023,Columbia,67531,25623,0,25623,41908,Florida
24035,Queen Anne's,47798,21754,12315,9439,26044,Maryland
40151,Woods,8878,5620,0,5620,3258,Oklahoma
72011,A?asco Municipio,29261,25576,25576,0,3685,PuertoRico
25005,Bristol,548285,494365,494365,0,53920,Massachusetts
72101,Morovis Municipio,32610,29002,29002,0,3608,PuertoRico
34029,Ocean,576567,559856,531911,27945,16711,NewJersey
36065,Oneida,234878,157406,115984,41422,77472,NewYork
26153,Schoolcraft,8485,3482,0,3482,5003,Michigan
32005,Douglas,46997,32168,4726,27442,14829,Nevada
18063,Hendricks,145448,119490,119490,0,25958,Indiana
27019,Carver,91042,73901,55482,18419,17141,Minnesota
39153,Summit,541781,520778,520778,0,21003,Ohio
22119,Webster Parish,41207,19350,0,19350,21857,Louisiana
39027,Clinton,42040,19070,0,19070,22970,Ohio
30065,Musselshell,4538,0,0,0,4538,Montana
37087,Haywood,59036,26306,26306,0,32730,NorthCarolina
38067,Pembina,7413,0,0,0,7413,NorthDakota
49023,Juab,10246,5792,0,5792,4454,Utah
51197,Wythe,29235,7212,0,7212,22023,Virginia
8117,Summit,27994,22530,0,22530,5464,Colorado
45025,Chesterfield,46734,12260,0,12260,34474,SouthCarolina
29197,Schuyler,4431,0,0,0,4431,Missouri
17067,Hancock,19104,5545,0,5545,13559,Illinois
31101,Keith,8368,4424,0,4424,3944,Nebraska
47069,Hardeman,27253,5394,0,5394,21859,Tennessee
54093,Tucker,7141,0,0,0,7141,WestVirginia
20013,Brown,9984,3151,0,3151,6833,Kansas
1055,Etowah,104430,65286,64141,1145,39144,Alabama
24037,St. Mary's,105151,52136,40344,11792,53015,Maryland
48423,Smith,209714,143428,130238,13190,66286,Texas
30071,Phillips,4253,0,0,0,4253,Montana
51590,Danville city,43055,41111,0,41111,1944,Virginia
72021,Bayam?n Municipio,208116,208092,208092,0,24,PuertoRico
28045,Hancock,43929,25233,17378,7855,18696,Mississippi
17161,Rock Island,147546,131434,131434,0,16112,Illinois
48251,Johnson,150934,93769,44338,49431,57165,Texas
51155,Pulaski,34872,18516,2450,16066,16356,Virginia
12009,Brevard,543376,515803,515803,0,27573,Florida
48379,Rains,10914,739,0,739,10175,Texas
20121,Miami,32787,16082,0,16082,16705,Kansas
51685,Manassas Park city,14273,14273,14273,0,0,Virginia
72131,San Sebasti?n Municipio,42430,36864,36864,0,5566,PuertoRico
19025,Calhoun,9670,0,0,0,9670,Iowa
48261,Kenedy,416,0,0,0,416,Texas
31009,Blaine,478,0,0,0,478,Nebraska
19003,Adams,4029,0,0,0,4029,Iowa
48167,Galveston,291309,273394,229372,44022,17915,Texas
55105,Rock,160331,127597,114781,12816,32734,Wisconsin
51595,Emporia city,5927,5553,0,5553,374,Virginia
26039,Crawford,14074,3858,0,3858,10216,Michigan
48255,Karnes,14824,9133,0,9133,5691,Texas
8093,Park,16206,0,0,0,16206,Colorado
4011,Greenlee,8437,4508,0,4508,3929,Arizona
29135,Moniteau,15607,7382,0,7382,8225,Missouri
26137,Otsego,24164,8298,0,8298,15866,Michigan
26079,Kalkaska,17153,2668,0,2668,14485,Michigan
27067,Kandiyohi,42239,23432,0,23432,18807,Minnesota
20051,Ellis,28452,21180,0,21180,7272,Kansas
36001,Albany,304204,274708,269636,5072,29496,NewYork
51175,Southampton,18570,378,0,378,18192,Virginia
39101,Marion,66501,46384,0,46384,20117,Ohio
13013,Barrow,69367,48514,11577,36937,20853,Georgia
13239,Quitman,2513,676,0,676,1837,Georgia
31181,Webster,3812,0,0,0,3812,Nebraska
29085,Hickory,9627,0,0,0,9627,Missouri
16083,Twin Falls,77230,55613,0,55613,21617,Idaho
26035,Clare,30926,9079,0,9079,21847,Michigan
42059,Greene,38686,12831,0,12831,25855,Pennsylvania
27083,Lyon,25857,13464,0,13464,12393,Minnesota
16073,Owyhee,11526,2617,0,2617,8909,Idaho
16031,Cassia,22952,11129,0,11129,11823,Idaho
35055,Taos,32937,13686,0,13686,19251,NewMexico
20097,Kiowa,2553,0,0,0,2553,Kansas
29227,Worth,2171,0,0,0,2171,Missouri
47107,McMinn,52266,20728,444,20284,31538,Tennessee
56037,Sweetwater,43806,39024,0,39024,4782,Wyoming
39065,Hardin,32058,14305,0,14305,17753,Ohio
49001,Beaver,6629,2882,0,2882,3747,Utah
8065,Lake,7310,5039,0,5039,2271,Colorado
29119,McDonald,23083,2,2,0,23081,Missouri
48295,Lipscomb,3302,0,0,0,3302,Texas
40013,Bryan,42416,16402,0,16402,26014,Oklahoma
48047,Brooks,7223,4929,0,4929,2294,Texas
26159,Van Buren,76258,22222,4366,17856,54036,Michigan
27087,Mahnomen,5413,0,0,0,5413,Minnesota
19055,Delaware,17764,5068,0,5068,12696,Iowa
17101,Lawrence,16833,7067,0,7067,9766,Illinois
72009,Aibonito Municipio,25900,22790,22790,0,3110,PuertoRico
47027,Clay,7861,0,0,0,7861,Tennessee
12109,St. Johns,190039,144860,138238,6622,45179,Florida
48275,Knox,3719,0,0,0,3719,Texas
21079,Garrard,16912,3739,0,3739,13173,Kentucky
38099,Walsh,11119,4219,0,4219,6900,NorthDakota
48131,Duval,11782,3883,0,3883,7899,Texas
36043,Herkimer,64519,31092,1344,29748,33427,NewYork
13291,Union,21356,0,0,0,21356,Georgia
21061,Edmonson,12161,0,0,0,12161,Kentucky
21065,Estill,14672,3503,0,3503,11169,Kentucky
37057,Davidson,162878,85699,85699,0,77179,NorthCarolina
13275,Thomas,44720,24139,0,24139,20581,Georgia
28163,Yazoo,28065,15546,0,15546,12519,Mississippi
48001,Anderson,58458,19254,0,19254,39204,Texas
13207,Monroe,26424,5224,390,4834,21200,Georgia
24047,Worcester,51454,33174,0,33174,18280,Maryland
40061,Haskell,12769,2843,0,2843,9926,Oklahoma
48305,Lynn,5915,2560,0,2560,3355,Texas
19175,Union,12534,7617,0,7617,4917,Iowa
18047,Franklin,23087,2572,0,2572,20515,Indiana
26081,Kent,602622,508159,493736,14423,94463,Michigan
37093,Hoke,46952,26692,26692,0,20260,NorthCarolina
21035,Calloway,37191,19072,0,19072,18119,Kentucky
27015,Brown,25893,16846,0,16846,9047,Minnesota
40079,Le Flore,50384,13656,2105,11551,36728,Oklahoma
17055,Franklin,39561,20342,0,20342,19219,Illinois
55035,Eau Claire,98736,76026,76026,0,22710,Wisconsin
21121,Knox,31883,11821,0,11821,20062,Kentucky
47089,Jefferson,51407,20826,10172,10654,30581,Tennessee
26067,Ionia,63905,25218,0,25218,38687,Michigan
19099,Jasper,36842,15655,0,15655,21187,Iowa
41027,Hood River,22346,10687,0,10687,11659,Oregon
51041,Chesterfield,316236,297487,297487,0,18749,Virginia
1123,Tallapoosa,41616,10726,0,10726,30890,Alabama
55117,Sheboygan,115507,82836,71313,11523,32671,Wisconsin
20165,Rush,3307,0,0,0,3307,Kansas
21097,Harrison,18846,6421,0,6421,12425,Kentucky
56035,Sublette,10247,0,0,0,10247,Wyoming
1005,Barbour,27457,8844,0,8844,18613,Alabama
2130,Ketchikan Gateway Borough,13477,10352,0,10352,3125,Alaska
26127,Oceana,26570,2686,0,2686,23884,Michigan
40017,Canadian,115541,89535,74466,15069,26006,Oklahoma
6105,Trinity,13786,0,0,0,13786,California
29201,Scott,39191,22906,0,22906,16285,Missouri
49019,Grand,9225,6883,0,6883,2342,Utah
45007,Anderson,187126,116157,107277,8880,70969,SouthCarolina
53073,Whatcom,201140,149098,114473,34625,52042,Washington
20171,Scott,4936,3647,0,3647,1289,Kansas
39001,Adams,28550,3133,0,3133,25417,Ohio
5095,Monroe,8149,2528,0,2528,5621,Arkansas
12007,Bradford,28520,6979,0,6979,21541,Florida
48457,Tyler,21766,4760,0,4760,17006,Texas
46071,Jackson,3031,0,0,0,3031,SouthDakota
26083,Keweenaw,2156,0,0,0,2156,Michigan
38035,Grand Forks,66861,55649,52952,2697,11212,NorthDakota
51081,Greensville,12243,1590,0,1590,10653,Virginia
2016,Aleutians West Census Area,5561,0,0,0,5561,Alaska
2068,Denali Borough,1826,0,0,0,1826,Alaska
39087,Lawrence,62450,33775,33775,0,28675,Ohio
20047,Edwards,3037,0,0,0,3037,Kansas
49045,Tooele,58218,47913,0,47913,10305,Utah
13197,Marion,8742,0,0,0,8742,Georgia
37085,Harnett,114678,50549,12294,38255,64129,NorthCarolina
32031,Washoe,421407,403426,392132,11294,17981,Nevada
55045,Green,36842,14657,0,14657,22185,Wisconsin
4023,Santa Cruz,47420,34672,0,34672,12748,Arizona
42051,Fayette,136606,71175,64567,6608,65431,Pennsylvania
39169,Wayne,114520,56114,12644,43470,58406,Ohio
51710,Norfolk city,242803,242803,242803,0,0,Virginia
8039,Elbert,23086,0,0,0,23086,Colorado
30025,Fallon,2890,0,0,0,2890,Montana
13257,Stephens,26175,10846,0,10846,15329,Georgia
39167,Washington,61778,26835,7586,19249,34943,Ohio
36105,Sullivan,77547,20034,0,20034,57513,NewYork
21239,Woodford,24939,15922,0,15922,9017,Kentucky
53011,Clark,425363,366797,359562,7235,58566,Washington
21117,Kenton,159720,148578,148500,78,11142,Kentucky
28029,Copiah,29449,10137,0,10137,19312,Mississippi
1047,Dallas,43820,23821,0,23821,19999,Alabama
17181,Union,17808,6078,0,6078,11730,Illinois
27147,Steele,36576,25394,0,25394,11182,Minnesota
47161,Stewart,13324,0,0,0,13324,Tennessee
30063,Missoula,109299,84896,82157,2739,24403,Montana
6091,Sierra,3240,9,9,0,3231,California
31051,Dixon,6000,0,0,0,6000,Nebraska
36109,Tompkins,101564,57543,53661,3882,44021,NewYork
17015,Carroll,15387,2789,0,2789,12598,Illinois
48479,Webb,250304,243797,235730,8067,6507,Texas
41001,Baker,16134,9518,0,9518,6616,Oregon
49055,Wayne,2778,0,0,0,2778,Utah
36059,Nassau,1339532,1336957,1336957,0,2575,NewYork
39151,Stark,375586,324769,296853,27916,50817,Ohio
53067,Thurston,252264,199317,176617,22700,52947,Washington
2188,Northwest Arctic Borough,7523,3200,0,3200,4323,Alaska
49009,Daggett,1059,0,0,0,1059,Utah
51079,Greene,18403,8973,0,8973,9430,Virginia
12073,Leon,275487,241576,239601,1975,33911,Florida
46027,Clay,13864,10492,0,10492,3372,SouthDakota
37079,Greene,21362,0,0,0,21362,NorthCarolina
18045,Fountain,17240,5870,0,5870,11370,Indiana
21129,Lee,7887,0,0,0,7887,Kentucky
47163,Sullivan,156823,116737,116737,0,40086,Tennessee
55109,St. Croix,84345,39500,276,39224,44845,Wisconsin
45091,York,226073,174178,159734,14444,51895,SouthCarolina
72119,R?o Grande Municipio,54304,52916,52916,0,1388,PuertoRico
20113,McPherson,29180,16488,0,16488,12692,Kansas
19189,Winnebago,10866,3681,0,3681,7185,Iowa
51065,Fluvanna,25691,9528,0,9528,16163,Virginia
72015,Arroyo Municipio,19575,18749,18749,0,826,PuertoRico
2195,Petersburg Census Area,3815,0,0,0,3815,Alaska
20005,Atchison,16924,11144,0,11144,5780,Kansas
72045,Comer?o Municipio,20778,18168,18168,0,2610,PuertoRico
17121,Marion,39437,21668,0,21668,17769,Illinois
48015,Austin,28417,9564,0,9564,18853,Texas
48017,Bailey,7165,5105,0,5105,2060,Texas
2261,Valdez-Cordova Census Area,9636,0,0,0,9636,Alaska
32011,Eureka,1987,0,0,0,1987,Nevada
26105,Mason,28705,10710,0,10710,17995,Michigan
27143,Sibley,15226,0,0,0,15226,Minnesota
18169,Wabash,32888,16449,0,16449,16439,Indiana
23007,Franklin,30768,5231,0,5231,25537,Maine
29041,Chariton,7831,0,0,0,7831,Missouri
39037,Darke,52959,17846,0,17846,35113,Ohio
51103,Lancaster,11391,0,0,0,11391,Virginia
48353,Nolan,15216,10247,0,10247,4969,Texas
13105,Elbert,20166,5925,0,5925,14241,Georgia
4009,Graham,37220,19936,0,19936,17284,Arizona
21203,Rockcastle,17056,2777,0,2777,14279,Kentucky
47007,Bledsoe,12876,0,0,0,12876,Tennessee
48063,Camp,12401,4777,0,4777,7624,Texas
6029,Kern,839631,753938,578366,175572,85693,California
39111,Monroe,14642,344,0,344,14298,Ohio
53035,Kitsap,251133,209089,201151,7938,42044,Washington
48469,Victoria,86793,63683,63683,0,23110,Texas
36003,Allegany,48946,10406,0,10406,38540,NewYork
19193,Woodbury,102172,84336,84336,0,17836,Iowa
21037,Campbell,90336,76518,76518,0,13818,Kentucky
19057,Des Moines,40325,29544,0,29544,10781,Iowa
51127,New Kent,18429,0,0,0,18429,Virginia
19027,Carroll,20816,9984,0,9984,10832,Iowa
12021,Collier,321520,294236,259499,34737,27284,Florida
1087,Macon,21452,9536,0,9536,11916,Alabama
47131,Obion,31807,12219,0,12219,19588,Tennessee
55069,Lincoln,28743,13208,0,13208,15535,Wisconsin
56045,Weston,7208,3277,0,3277,3931,Wyoming
21027,Breckinridge,20059,0,0,0,20059,Kentucky
29161,Phelps,45156,24283,0,24283,20873,Missouri
31115,Loup,632,0,0,0,632,Nebraska
32029,Storey,4010,295,0,295,3715,Nevada
38063,Nelson,3126,0,0,0,3126,NorthDakota
21193,Perry,28712,7444,0,7444,21268,Kentucky
21195,Pike,65024,7934,0,7934,57090,Kentucky
40011,Blaine,11943,5084,0,5084,6859,Oklahoma
13229,Pierce,18758,3873,0,3873,14885,Georgia
26025,Calhoun,136146,93972,77325,16647,42174,Michigan
8047,Gilpin,5441,0,0,0,5441,Colorado
13307,Webster,2799,0,0,0,2799,Georgia
47023,Chester,17131,5954,0,5954,11177,Tennessee
39163,Vinton,13435,0,0,0,13435,Ohio
27111,Otter Tail,57303,15134,0,15134,42169,Minnesota
6071,San Bernardino,2035210,1938853,1792222,146631,96357,California
40083,Logan,41848,18675,10484,8191,23173,Oklahoma
31019,Buffalo,46102,31229,0,31229,14873,Nebraska
17179,Tazewell,135394,107749,104297,3452,27645,Illinois
18057,Hamilton,274569,259096,255632,3464,15473,Indiana
19115,Louisa,11387,0,0,0,11387,Iowa
39171,Williams,37642,13691,0,13691,23951,Ohio
27157,Wabasha,21676,7686,0,7686,13990,Minnesota
6095,Solano,413344,397974,372432,25542,15370,California
22051,Jefferson Parish,432552,427610,424910,2700,4942,Louisiana
13003,Atkinson,8375,0,0,0,8375,Georgia
40087,McClain,34506,7879,306,7573,26627,Oklahoma
13055,Chattooga,26015,11041,0,11041,14974,Georgia
17095,Knox,52919,40049,0,40049,12870,Illinois
16087,Washington,10198,5551,0,5551,4647,Idaho
17051,Fayette,22140,7309,0,7309,14831,Illinois
19031,Cedar,18499,3067,0,3067,15432,Iowa
21115,Johnson,23356,6302,0,6302,17054,Kentucky
15003,Honolulu,953207,944982,916141,28841,8225,Hawaii
53059,Skamania,11066,0,0,0,11066,Washington
54001,Barbour,16589,2700,0,2700,13889,WestVirginia
26077,Kalamazoo,250331,206405,206405,0,43926,Michigan
5085,Lonoke,68356,37724,30904,6820,30632,Arkansas
13093,Dooly,14918,6912,0,6912,8006,Georgia
48303,Lubbock,278831,247224,237356,9868,31607,Texas
47083,Houston,8426,0,0,0,8426,Tennessee
30029,Flathead,90928,44114,0,44114,46814,Montana
35041,Roosevelt,19846,12610,0,12610,7236,NewMexico
21083,Graves,37121,11356,0,11356,25765,Kentucky
28115,Pontotoc,29957,4807,0,4807,25150,Mississippi
26155,Shiawassee,70648,31809,239,31570,38839,Michigan
13293,Upson,27153,14416,0,14416,12737,Georgia
34015,Gloucester,288288,264228,264228,0,24060,NewJersey
39059,Guernsey,40087,15466,0,15466,24621,Ohio
17039,De Witt,16561,8487,0,8487,8074,Illinois
54061,Monongalia,96189,70350,70350,0,25839,WestVirginia
13287,Turner,8930,4489,0,4489,4441,Georgia
46125,Turner,8347,0,0,0,8347,SouthDakota
13077,Coweta,127317,85388,82817,2571,41929,Georgia
55013,Burnett,15457,0,0,0,15457,Wisconsin
45085,Sumter,107456,73107,73107,0,34349,SouthCarolina
31167,Stanton,6129,1625,0,1625,4504,Nebraska
13221,Oglethorpe,14899,111,111,0,14788,Georgia
31017,Brown,3145,0,0,0,3145,Nebraska
28039,George,22578,2636,0,2636,19942,Mississippi
28117,Prentiss,25276,6050,0,6050,19226,Mississippi
51021,Bland,6824,0,0,0,6824,Virginia
29127,Marion,28781,21653,0,21653,7128,Missouri
21017,Bourbon,19985,11042,0,11042,8943,Kentucky
26013,Baraga,8860,0,0,0,8860,Michigan
8121,Washington,4814,0,0,0,4814,Colorado
37053,Currituck,23547,397,0,397,23150,NorthCarolina
30043,Jefferson,11406,0,0,0,11406,Montana
36005,Bronx,1385108,1385069,1385069,0,39,NewYork
20137,Norton,5671,2893,0,2893,2778,Kansas
22099,St. Martin Parish,52160,26304,411,25893,25856,Louisiana
16021,Boundary,10972,2613,0,2613,8359,Idaho
1119,Sumter,13763,0,0,0,13763,Alabama
47159,Smith,19166,3282,0,3282,15884,Tennessee
13135,Gwinnett,805321,801411,801411,0,3910,Georgia
34035,Somerset,323444,304708,304708,0,18736,NewJersey
24041,Talbot,37782,17132,0,17132,20650,Maryland
29051,Cole,75990,53896,53896,0,22094,Missouri
37165,Scotland,36157,18660,0,18660,17497,NorthCarolina
21213,Simpson,17327,9492,0,9492,7835,Kentucky
72054,Florida Municipio,12680,10409,10409,0,2271,PuertoRico
37183,Wake,900993,846020,833188,12832,54973,NorthCarolina
37043,Clay,10587,0,0,0,10587,NorthCarolina
24039,Somerset,26470,14349,239,14110,12121,Maryland
53063,Spokane,471221,406797,387847,18950,64424,Washington
29129,Mercer,3785,0,0,0,3785,Missouri
30047,Lake,28746,4763,0,4763,23983,Montana
40111,Okmulgee,40069,20615,0,20615,19454,Oklahoma
27047,Freeborn,31255,17868,0,17868,13387,Minnesota
42061,Huntingdon,45913,14388,0,14388,31525,Pennsylvania
72069,Humacao Municipio,58466,58184,58184,0,282,PuertoRico
46135,Yankton,22438,14637,0,14637,7801,SouthDakota
37041,Chowan,14793,4790,0,4790,10003,NorthCarolina
51019,Bedford,68676,14812,14077,735,53864,Virginia
23025,Somerset,52228,10197,0,10197,42031,Maine
46107,Potter,2329,0,0,0,2329,SouthDakota
51141,Patrick,18490,0,0,0,18490,Virginia
31055,Douglas,517110,505886,505886,0,11224,Nebraska
13107,Emanuel,22598,7484,0,7484,15114,Georgia
38013,Burke,1968,0,0,0,1968,NorthDakota
26131,Ontonagon,6780,0,0,0,6780,Michigan
13111,Fannin,23682,0,0,0,23682,Georgia
29001,Adair,25607,15914,0,15914,9693,Missouri
40059,Harper,3685,0,0,0,3685,Oklahoma
45035,Dorchester,136555,109950,109950,0,26605,SouthCarolina
13313,Whitfield,102599,72766,72766,0,29833,Georgia
29019,Boone,162642,132088,124748,7340,30554,Missouri
30001,Beaverhead,9246,4609,0,4609,4637,Montana
48091,Comal,108472,58417,53140,5277,50055,Texas
40073,Kingfisher,15034,4144,0,4144,10890,Oklahoma
32009,Esmeralda,783,0,0,0,783,Nevada
8053,Hinsdale,843,0,0,0,843,Colorado
29209,Stone,32202,3643,0,3643,28559,Missouri
5053,Grant,17853,4458,0,4458,13395,Arkansas
49021,Iron,46163,35751,0,35751,10412,Utah
48163,Frio,17217,13398,0,13398,3819,Texas
20175,Seward,22952,20329,0,20329,2623,Kansas
39157,Tuscarawas,92582,54086,0,54086,38496,Ohio
48051,Burleson,17187,4012,0,4012,13175,Texas
40143,Tulsa,603403,574564,568811,5753,28839,Oklahoma
17133,Monroe,32957,19326,9722,9604,13631,Illinois
5083,Logan,22353,6478,0,6478,15875,Arkansas
27167,Wilkin,6576,3279,0,3279,3297,Minnesota
31053,Dodge,36691,27471,0,27471,9220,Nebraska
8085,Montrose,41276,22706,0,22706,18570,Colorado
9007,Middlesex,165676,125019,112598,12421,40657,Connecticut
1003,Baldwin,182265,105205,63649,41556,77060,Alabama
4017,Navajo,107449,49278,0,49278,58171,Arizona
45079,Richland,384504,349628,349628,0,34876,SouthCarolina
51187,Warren,37575,18634,0,18634,18941,Virginia
34011,Cumberland,156898,120769,81951,38818,36129,NewJersey
8045,Garfield,56389,42797,0,42797,13592,Colorado
48059,Callahan,13544,3768,0,3768,9776,Texas
25017,Middlesex,1503085,1457576,1457576,0,45509,Massachusetts
28075,Lauderdale,80261,41531,0,41531,38730,Mississippi
1037,Coosa,11539,0,0,0,11539,Alabama
20109,Logan,2756,0,0,0,2756,Kansas
49047,Uintah,32588,17321,0,17321,15267,Utah
41043,Linn,116672,79759,46809,32950,36913,Oregon
55139,Winnebago,166994,144565,137553,7012,22429,Wisconsin
5079,Lincoln,14134,0,0,0,14134,Arkansas
20017,Chase,2790,0,0,0,2790,Kansas
55057,Juneau,26664,4401,0,4401,22263,Wisconsin
2090,Fairbanks North Star Borough,97581,67457,64513,2944,30124,Alaska
72105,Naranjito Municipio,30402,30402,30402,0,0,PuertoRico
1063,Greene,9045,0,0,0,9045,Alabama
19173,Taylor,6317,0,0,0,6317,Iowa
48289,Leon,16801,0,0,0,16801,Texas
40015,Caddo,29600,5929,0,5929,23671,Oklahoma
13241,Rabun,16276,3372,0,3372,12904,Georgia
51159,Richmond,9254,0,0,0,9254,Virginia
20107,Linn,9656,0,0,0,9656,Kansas
55055,Jefferson,83686,55190,2172,53018,28496,Wisconsin
48449,Titus,32334,15987,0,15987,16347,Texas
30097,Sweet Grass,3651,0,0,0,3651,Montana
37163,Sampson,63431,9538,0,9538,53893,NorthCarolina
36011,Cayuga,80026,35386,0,35386,44640,NewYork
30039,Granite,3079,0,0,0,3079,Montana
48065,Carson,6182,297,0,297,5885,Texas
26033,Chippewa,38520,19669,0,19669,18851,Michigan
48385,Real,3309,0,0,0,3309,Texas
55141,Wood,74749,47329,0,47329,27420,Wisconsin
72109,Patillas Municipio,19277,14345,14345,0,4932,PuertoRico
51089,Henry,54151,21270,0,21270,32881,Virginia
22091,St. Helena Parish,11203,0,0,0,11203,Louisiana
20111,Lyon,33690,24830,0,24830,8860,Kansas
26111,Midland,83629,47852,47852,0,35777,Michigan
42005,Armstrong,68941,22415,8343,14072,46526,Pennsylvania
35023,Hidalgo,4894,0,0,0,4894,NewMexico
13219,Oconee,32808,16300,16300,0,16508,Georgia
28063,Jefferson,7726,0,0,0,7726,Mississippi
22061,Lincoln Parish,46735,27724,0,27724,19011,Louisiana
55125,Vilas,21430,0,0,0,21430,Wisconsin
2013,Aleutians East Borough,3141,0,0,0,3141,Alaska
54085,Ritchie,10449,0,0,0,10449,WestVirginia
38101,Ward,61675,48171,0,48171,13504,NorthDakota
37177,Tyrrell,4407,0,0,0,4407,NorthCarolina
40043,Dewey,4810,0,0,0,4810,Oklahoma
31025,Cass,25241,6826,113,6713,18415,Nebraska
72141,Utuado Municipio,33149,17593,17593,0,15556,PuertoRico
12097,Osceola,268685,247671,216248,31423,21014,Florida
2122,Kenai Peninsula Borough,55400,11447,0,11447,43953,Alaska
37055,Dare,33920,24097,0,24097,9823,NorthCarolina
26133,Osceola,23528,0,0,0,23528,Michigan
72103,Naguabo Municipio,26720,24481,24481,0,2239,PuertoRico
48023,Baylor,3726,0,0,0,3726,Texas
42023,Cameron,5085,2677,0,2677,2408,Pennsylvania
55081,Monroe,44673,18909,0,18909,25764,Wisconsin
18163,Vanderburgh,179703,163229,163229,0,16474,Indiana
37039,Cherokee,27444,0,0,0,27444,NorthCarolina
47115,Marion,28237,6490,0,6490,21747,Tennessee
13247,Rockdale,85215,72490,72490,0,12725,Georgia
5087,Madison,15717,0,0,0,15717,Arkansas
19071,Fremont,7441,0,0,0,7441,Iowa
42079,Luzerne,320918,256783,256783,0,64135,Pennsylvania
42089,Monroe,169842,104701,55261,49440,65141,Pennsylvania
8057,Jackson,1394,0,0,0,1394,Colorado
45015,Berkeley,177843,126351,126351,0,51492,SouthCarolina
49033,Rich,2264,0,0,0,2264,Utah
29023,Butler,42794,20463,0,20463,22331,Missouri
42025,Carbon,65249,34476,17650,16826,30773,Pennsylvania
29169,Pulaski,52274,29257,0,29257,23017,Missouri
37105,Lee,57866,33120,0,33120,24746,NorthCarolina
48147,Fannin,33915,9995,0,9995,23920,Texas
23009,Hancock,54418,5380,0,5380,49038,Maine
39077,Huron,59626,29632,0,29632,29994,Ohio
50019,Orleans,27231,4004,0,4004,23227,Vermont
47129,Morgan,21987,25,25,0,21962,Tennessee
42105,Potter,17457,0,0,0,17457,Pennsylvania
1121,Talladega,82291,36360,4876,31484,45931,Alabama
13035,Butts,23655,5218,0,5218,18437,Georgia
47121,Meigs,11753,0,0,0,11753,Tennessee
51750,Radford city,16408,15927,15927,0,481,Virginia
21233,Webster,13621,0,0,0,13621,Kentucky
21125,Laurel,58849,25398,0,25398,33451,Kentucky
15001,Hawaii,185079,114766,0,114766,70313,Hawaii
56027,Niobrara,2484,0,0,0,2484,Wyoming
42007,Beaver,170539,126493,119566,6927,44046,Pennsylvania
33005,Cheshire,77117,26979,0,26979,50138,NewHampshire
28015,Carroll,10597,0,0,0,10597,Mississippi
20139,Osage,16295,2683,0,2683,13612,Kansas
39025,Clermont,197363,152529,146452,6077,44834,Ohio
39159,Union,52300,26175,3005,23170,26125,Ohio
51137,Orange,33481,14136,0,14136,19345,Virginia
46011,Brookings,31965,22482,0,22482,9483,SouthDakota
54087,Roane,14926,2986,0,2986,11940,WestVirginia
38047,Logan,1990,0,0,0,1990,NorthDakota
21093,Hardin,105543,69434,69434,0,36109,Kentucky
51027,Buchanan,24098,0,0,0,24098,Virginia
47105,Loudon,48556,28836,28836,0,19720,Tennessee
5039,Dallas,8116,3844,0,3844,4272,Arkansas
21237,Wolfe,7355,0,0,0,7355,Kentucky
24033,Prince George's,863420,846439,846439,0,16981,Maryland
18041,Fayette,24277,15347,0,15347,8930,Indiana
72067,Hormigueros Municipio,17250,17216,17216,0,34,PuertoRico
36015,Chemung,88830,67352,67352,0,21478,NewYork
48061,Cameron,406220,372013,352640,19373,34207,Texas
26101,Manistee,24733,9606,0,9606,15127,Michigan
37103,Jones,10153,0,0,0,10153,NorthCarolina
13279,Toombs,27223,13324,0,13324,13899,Georgia
55007,Bayfield,15014,0,0,0,15014,Wisconsin
31067,Gage,22311,12405,0,12405,9906,Nebraska
36047,Kings,2504700,2504663,2504663,0,37,NewYork
34041,Warren,108692,67862,52506,15356,40830,NewJersey
13277,Tift,40118,23757,0,23757,16361,Georgia
8014,Broomfield,55889,55563,55563,0,326,Colorado
48135,Ector,137130,124164,124164,0,12966,Texas
19165,Shelby,12167,4934,0,4934,7233,Iowa
30073,Pondera,6153,2578,0,2578,3575,Montana
40007,Beaver,5636,0,0,0,5636,Oklahoma
48407,San Jacinto,26384,0,0,0,26384,Texas
48171,Gillespie,24837,11511,0,11511,13326,Texas
48343,Morris,12934,2791,0,2791,10143,Texas
47165,Sumner,160645,115853,105034,10819,44792,Tennessee
28083,Leflore,32317,26603,0,26603,5714,Mississippi
5077,Lee,10424,3804,0,3804,6620,Arkansas
51770,Roanoke city,97032,97026,97026,0,6,Virginia
13301,Warren,5834,0,0,0,5834,Georgia
42115,Susquehanna,43356,6924,4339,2585,36432,Pennsylvania
18001,Adams,34387,15930,0,15930,18457,Indiana
19059,Dickinson,16667,10826,0,10826,5841,Iowa
16053,Jerome,22374,10892,0,10892,11482,Idaho
13175,Laurens,48434,20999,0,20999,27435,Georgia
72033,Cata?o Municipio,28140,28136,28136,0,4,PuertoRico
5021,Clay,16083,6617,0,6617,9466,Arkansas
48195,Hansford,5613,3349,0,3349,2264,Texas
20135,Ness,3107,0,0,0,3107,Kansas
32019,Lyon,51980,32780,754,32026,19200,Nevada
36077,Otsego,62259,18325,0,18325,43934,NewYork
35031,McKinley,71492,30471,0,30471,41021,NewMexico
42039,Crawford,88765,32221,0,32221,56544,Pennsylvania
13155,Irwin,9538,3366,0,3366,6172,Georgia
46003,Aurora,2710,0,0,0,2710,SouthDakota
28059,Jackson,139668,101594,97637,3957,38074,Mississippi
49051,Wasatch,23530,17212,0,17212,6318,Utah
35051,Sierra,11988,7918,0,7918,4070,NewMexico
41003,Benton,85579,69521,69521,0,16058,Oregon
28001,Adams,32297,20274,0,20274,12023,Mississippi
51195,Wise,41452,17961,0,17961,23491,Virginia
35006,Cibola,27213,12152,0,12152,15061,NewMexico
51520,Bristol city,17835,17828,17828,0,7,Virginia
29017,Bollinger,12363,0,0,0,12363,Missouri
54101,Webster,9154,0,0,0,9154,WestVirginia
28019,Choctaw,8547,0,0,0,8547,Mississippi
13099,Early,11008,3748,0,3748,7260,Georgia
42101,Philadelphia,1526006,1526006,1526006,0,0,Pennsylvania
46041,Dewey,5301,1904,0,1904,3397,SouthDakota
28155,Webster,10253,0,0,0,10253,Mississippi
16071,Oneida,4286,0,0,0,4286,Idaho
36083,Rensselaer,159429,110784,107192,3592,48645,NewYork
21179,Nelson,43437,18702,0,18702,24735,Kentucky
54003,Berkeley,104169,71225,71225,0,32944,WestVirginia
49057,Weber,231236,217822,217822,0,13414,Utah
56031,Platte,8667,3584,0,3584,5083,Wyoming
6059,Orange,3010232,3005917,3005917,0,4315,California
13085,Dawson,22330,4397,4397,0,17933,Georgia
19171,Tama,17767,4904,0,4904,12863,Iowa
48085,Collin,782341,741325,730300,11025,41016,Texas
20191,Sumner,24132,8964,1181,7783,15168,Kansas
25001,Barnstable,215888,199733,196581,3152,16155,Massachusetts
55041,Forest,9304,0,0,0,9304,Wisconsin
31119,Madison,34876,25144,0,25144,9732,Nebraska
21073,Franklin,49285,35705,0,35705,13580,Kentucky
48361,Orange,81837,53054,53054,0,28783,Texas
20037,Crawford,39134,25465,0,25465,13669,Kansas
46077,Kingsbury,5148,0,0,0,5148,SouthDakota
1023,Choctaw,13859,0,0,0,13859,Alabama
8019,Clear Creek,9088,0,0,0,9088,Colorado
13101,Echols,4034,0,0,0,4034,Georgia
8119,Teller,23350,8732,0,8732,14618,Colorado
16013,Blaine,21376,14372,0,14372,7004,Idaho
1089,Madison,334811,279763,276556,3207,55048,Alabama
30009,Carbon,10078,0,0,0,10078,Montana
19159,Ringgold,5131,0,0,0,5131,Iowa
20089,Jewell,3077,0,0,0,3077,Kansas
42123,Warren,41815,18799,0,18799,23016,Pennsylvania
12095,Orange,1145956,1122554,1116558,5996,23402,Florida
21009,Barren,42173,15488,0,15488,26685,Kentucky
27035,Crow Wing,62500,23290,0,23290,39210,Minnesota
17069,Hardin,4320,0,0,0,4320,Illinois
30059,Meagher,1891,0,0,0,1891,Montana
55025,Dane,488073,427894,401661,26233,60179,Wisconsin
48077,Clay,10752,2731,0,2731,8021,Texas
48281,Lampasas,19677,6244,164,6080,13433,Texas
26139,Ottawa,263801,210208,206257,3951,53593,Michigan
51740,Portsmouth city,95535,95535,95535,0,0,Virginia
53031,Jefferson,29872,12705,0,12705,17167,Washington
26041,Delta,37069,20850,0,20850,16219,Michigan
32027,Pershing,6753,0,0,0,6753,Nevada
10003,New Castle,538479,513696,484281,29415,24783,Delaware
24015,Cecil,101108,58539,58539,0,42569,Maryland
16041,Franklin,12786,4323,0,4323,8463,Idaho
51149,Prince George,35725,16647,16647,0,19078,Virginia
27145,Stearns,150642,95005,80743,14262,55637,Minnesota
6099,Stanislaus,514453,473396,433288,40108,41057,California
48495,Winkler,7110,5821,0,5821,1289,Texas
40075,Kiowa,9446,3622,0,3622,5824,Oklahoma
21105,Hickman,4902,0,0,0,4902,Kentucky
56009,Converse,13833,6175,0,6175,7658,Wyoming
6061,Placer,348432,300393,254704,45689,48039,California
48019,Bandera,20485,0,0,0,20485,Texas
42097,Northumberland,94528,61575,1629,59946,32953,Pennsylvania
33013,Merrimack,146445,66467,15900,50567,79978,NewHampshire
8017,Cheyenne,1836,0,0,0,1836,Colorado
48299,Llano,19301,10581,0,10581,8720,Texas
53057,Skagit,116901,82975,62966,20009,33926,Washington
47151,Scott,22228,4322,0,4322,17906,Tennessee
19151,Pocahontas,7310,0,0,0,7310,Iowa
48133,Eastland,18583,7369,0,7369,11214,Texas
55063,La Crosse,114638,95347,95347,0,19291,Wisconsin
47055,Giles,29485,7741,0,7741,21744,Tennessee
5065,Izard,13696,0,0,0,13696,Arkansas
37049,Craven,103505,74825,50503,24322,28680,NorthCarolina
50009,Essex,6306,0,0,0,6306,Vermont
17033,Crawford,19817,7894,0,7894,11923,Illinois
8111,San Juan,699,0,0,0,699,Colorado
12027,DeSoto,34862,18741,1251,17490,16121,Florida
29093,Iron,10630,2673,0,2673,7957,Missouri
17123,Marshall,12640,0,0,0,12640,Illinois
48357,Ochiltree,10223,8801,0,8801,1422,Texas
50023,Washington,59534,28097,0,28097,31437,Vermont
13315,Wilcox,9255,0,0,0,9255,Georgia
13161,Jeff Davis,15068,4594,0,4594,10474,Georgia
40133,Seminole,25482,9002,0,9002,16480,Oklahoma
51017,Bath,4731,0,0,0,4731,Virginia
72081,Lares Municipio,30753,22842,22842,0,7911,PuertoRico
1117,Shelby,195085,150323,147681,2642,44762,Alabama
5115,Pope,61754,28102,0,28102,33652,Arkansas
29221,Washington,25195,4919,0,4919,20276,Missouri
37015,Bertie,21282,3566,0,3566,17716,NorthCarolina
24001,Allegany,75087,54624,49619,5005,20463,Maryland
48377,Presidio,7818,4654,0,4654,3164,Texas
23027,Waldo,38786,3358,0,3358,35428,Maine
54077,Preston,33520,3201,0,3201,30319,WestVirginia
47141,Putnam,72321,47026,0,47026,25295,Tennessee
47049,Fentress,17959,0,0,0,17959,Tennessee
46095,Mellette,2048,0,0,0,2048,SouthDakota
31175,Valley,4260,0,0,0,4260,Nebraska
45089,Williamsburg,34423,6218,0,6218,28205,SouthCarolina
25027,Worcester,798552,651696,633925,17771,146856,Massachusetts
8043,Fremont,46824,34453,0,34453,12371,Colorado
30017,Custer,11699,9604,0,9604,2095,Montana
17061,Greene,13886,4048,0,4048,9838,Illinois
46009,Bon Homme,7070,0,0,0,7070,SouthDakota
34009,Cape May,97265,80288,80288,0,16977,NewJersey
31061,Franklin,3225,0,0,0,3225,Nebraska
48223,Hopkins,35161,14196,0,14196,20965,Texas
51061,Fauquier,65203,27714,21089,6625,37489,Virginia
2282,Yakutat City and Borough,662,0,0,0,662,Alaska
55061,Kewaunee,20574,5692,0,5692,14882,Wisconsin
16043,Fremont,13242,3702,0,3702,9540,Idaho
28161,Yalobusha,12678,2622,0,2622,10056,Mississippi
18139,Rush,17392,6755,0,6755,10637,Indiana
48233,Hutchinson,22150,17152,0,17152,4998,Texas
17149,Pike,16430,4550,0,4550,11880,Illinois
31117,McPherson,539,0,0,0,539,Nebraska
40127,Pushmataha,11572,0,0,0,11572,Oklahoma
17099,LaSalle,113924,79502,0,79502,34422,Illinois
72053,Fajardo Municipio,36993,36209,36209,0,784,PuertoRico
40063,Hughes,14003,5768,0,5768,8235,Oklahoma
21109,Jackson,13494,0,0,0,13494,Kentucky
31135,Perkins,2970,0,0,0,2970,Nebraska
17023,Clark,16335,6609,0,6609,9726,Illinois
47095,Lake,7832,0,0,0,7832,Tennessee
29167,Polk,31137,9693,0,9693,21444,Missouri
37059,Davie,41240,12253,7062,5191,28987,NorthCarolina
51107,Loudoun,312311,272957,259231,13726,39354,Virginia
37073,Gates,12197,0,0,0,12197,NorthCarolina
6009,Calaveras,45578,11208,0,11208,34370,California
4007,Gila,53597,31589,0,31589,22008,Arizona
40125,Pottawatomie,69442,34255,0,34255,35187,Oklahoma
29186,Ste. Genevieve,18145,4329,0,4329,13816,Missouri
35061,Valencia,76569,63758,63758,0,12811,NewMexico
48267,Kimble,4607,2566,0,2566,2041,Texas
18079,Jennings,28525,11354,0,11354,17171,Indiana
21047,Christian,73955,52837,20346,32491,21118,Kentucky
37117,Martin,24505,5361,0,5361,19144,NorthCarolina
29005,Atchison,5685,0,0,0,5685,Missouri
30103,Treasure,718,0,0,0,718,Montana
29021,Buchanan,89201,77273,77251,22,11928,Missouri
18179,Wells,27636,13663,0,13663,13973,Indiana
4021,Pinal,375770,293459,200094,93365,82311,Arizona
26157,Tuscola,55729,8827,0,8827,46902,Michigan
22021,Caldwell Parish,10132,0,0,0,10132,Louisiana
20053,Ellsworth,6497,2982,0,2982,3515,Kansas
47157,Shelby,927644,902043,891357,10686,25601,Tennessee
27045,Fillmore,20866,1402,0,1402,19464,Minnesota
8013,Boulder,294567,268312,268312,0,26255,Colorado
55083,Oconto,37660,7026,132,6894,30634,Wisconsin
24021,Frederick,233385,174554,157002,17552,58831,Maryland
18165,Vermillion,16212,6425,0,6425,9787,Indiana
48333,Mills,4936,0,0,0,4936,Texas
13063,Clayton,259424,257121,257121,0,2303,Georgia
17093,Kendall,114736,102781,102781,0,11955,Illinois
18027,Daviess,31648,12570,0,12570,19078,Indiana
37125,Moore,88247,43543,0,43543,44704,NorthCarolina
21101,Henderson,46250,28583,28583,0,17667,Kentucky
54049,Marion,56418,33014,0,33014,23404,WestVirginia
38057,Mercer,8424,2949,0,2949,5475,NorthDakota
49031,Piute,1556,0,0,0,1556,Utah
17075,Iroquois,29718,8398,0,8398,21320,Illinois
26047,Emmet,32694,8210,0,8210,24484,Michigan
46121,Todd,9612,0,0,0,9612,SouthDakota
20141,Osborne,3858,0,0,0,3858,Kansas
26129,Ogemaw,21699,0,0,0,21699,Michigan
5129,Searcy,8195,0,0,0,8195,Arkansas
39143,Sandusky,60944,34041,0,34041,26903,Ohio
53023,Garfield,2266,0,0,0,2266,Washington
46031,Corson,4050,0,0,0,4050,SouthDakota
48097,Cooke,38437,15746,0,15746,22691,Texas
48273,Kleberg,32061,26011,0,26011,6050,Texas
13153,Houston,139900,125963,125963,0,13937,Georgia
46129,Walworth,5438,3457,0,3457,1981,SouthDakota
39009,Athens,64757,36801,0,36801,27956,Ohio
20025,Clark,2215,0,0,0,2215,Kansas
24013,Carroll,167134,101106,89188,11918,66028,Maryland
49013,Duchesne,18607,5915,0,5915,12692,Utah
36019,Clinton,82128,29438,0,29438,52690,NewYork
48413,Schleicher,3461,0,0,0,3461,Texas
48507,Zavala,11677,7236,0,7236,4441,Texas
29229,Wright,18815,4398,0,4398,14417,Missouri
17141,Ogle,53497,28300,0,28300,25197,Illinois
13169,Jones,28669,9256,4690,4566,19413,Georgia
13215,Muscogee,189885,184231,184231,0,5654,Georgia
13233,Polk,41475,20148,0,20148,21327,Georgia
72139,Trujillo Alto Municipio,74842,74842,74842,0,0,PuertoRico
8067,La Plata,51334,20560,0,20560,30774,Colorado
40101,Muskogee,70990,41801,0,41801,29189,Oklahoma
16047,Gooding,15464,6482,0,6482,8982,Idaho
17163,St. Clair,270056,243713,228843,14870,26343,Illinois
19039,Clarke,9286,4819,0,4819,4467,Iowa
20083,Hodgeman,1916,0,0,0,1916,Kansas
22045,Iberia Parish,73240,52633,46310,6323,20607,Louisiana
36095,Schoharie,32749,5618,0,5618,27131,NewYork
46113,Shannon,13586,2720,0,2720,10866,SouthDakota
48363,Palo Pinto,28111,13995,0,13995,14116,Texas
30089,Sanders,11413,0,0,0,11413,Montana
72151,Yabucoa Municipio,37941,32192,32192,0,5749,PuertoRico
38061,Mountrail,7673,0,0,0,7673,NorthDakota
47173,Union,19109,0,0,0,19109,Tennessee
6007,Butte,220000,178416,98176,80240,41584,California
20131,Nemaha,10178,2520,0,2520,7658,Kansas
39063,Hancock,74782,51517,0,51517,23265,Ohio
39139,Richland,124475,84575,75250,9325,39900,Ohio
5135,Sharp,17264,3443,0,3443,13821,Arkansas
36033,Franklin,51599,19259,0,19259,32340,NewYork
30015,Chouteau,5813,0,0,0,5813,Montana
18173,Warrick,59689,42196,35938,6258,17493,Indiana
21023,Bracken,8488,0,0,0,8488,Kentucky
17115,Macon,110768,93863,93863,0,16905,Illinois
30023,Deer Lodge,9298,6170,0,6170,3128,Montana
23015,Lincoln,34457,0,0,0,34457,Maine
37001,Alamance,151131,107971,107971,0,43160,NorthCarolina
48227,Howard,35012,27987,0,27987,7025,Texas
72079,Lajas Municipio,25753,21048,21048,0,4705,PuertoRico
13157,Jackson,60485,24185,7391,16794,36300,Georgia
13125,Glascock,3082,0,0,0,3082,Georgia
37025,Cabarrus,178011,143738,143551,187,34273,NorthCarolina
46063,Harding,1255,0,0,0,1255,SouthDakota
12067,Lafayette,8870,0,0,0,8870,Florida
48041,Brazos,194851,171345,171345,0,23506,Texas
48401,Rusk,53330,18200,3,18197,35130,Texas
19009,Audubon,6119,0,0,0,6119,Iowa
22075,Plaquemines Parish,23042,18540,14773,3767,4502,Louisiana
29067,Douglas,13684,2857,0,2857,10827,Missouri
51730,Petersburg city,32420,31737,31737,0,683,Virginia
5001,Arkansas,19019,12418,0,12418,6601,Arkansas
13243,Randolph,7719,3811,0,3811,3908,Georgia
48145,Falls,17866,5832,0,5832,12034,Texas
5075,Lawrence,17415,6346,0,6346,11069,Arkansas
39093,Lorain,301356,265983,249926,16057,35373,Ohio
48021,Bastrop,74171,26811,0,26811,47360,Texas
48397,Rockwall,78337,65775,65775,0,12562,Texas
32021,Mineral,4772,3249,0,3249,1523,Nevada
48393,Roberts,929,0,0,0,929,Texas
15007,Kauai,67091,58463,0,58463,8628,Hawaii
72037,Ceiba Municipio,13631,12021,12021,0,1610,PuertoRico
31107,Knox,8701,0,0,0,8701,Nebraska
53019,Ferry,7551,0,0,0,7551,Washington
13023,Bleckley,13063,6324,0,6324,6739,Georgia
36063,Niagara,216469,167892,124362,43530,48577,NewYork
27093,Meeker,23300,8034,0,8034,15266,Minnesota
16085,Valley,9862,0,0,0,9862,Idaho
27033,Cottonwood,11687,4409,0,4409,7278,Minnesota
1099,Monroe,23068,4834,0,4834,18234,Alabama
51005,Alleghany,16250,7736,0,7736,8514,Virginia
26089,Leelanau,21708,1897,0,1897,19811,Michigan
38023,Divide,2071,0,0,0,2071,NorthDakota
48319,Mason,4012,0,0,0,4012,Texas
47133,Overton,22083,3485,0,3485,18598,Tennessee
33001,Belknap,60088,20262,0,20262,39826,NewHampshire
12041,Gilchrist,16939,2724,0,2724,14215,Florida
26023,Branch,45248,16876,0,16876,28372,Michigan
48463,Uvalde,26405,18118,0,18118,8287,Texas
29133,Mississippi,14358,9663,0,9663,4695,Missouri
39039,Defiance,39037,21919,0,21919,17118,Ohio
2220,Sitka City and Borough,8881,7027,0,7027,1854,Alaska
5051,Garland,96024,60588,55103,5485,35436,Arkansas
48243,Jeff Davis,2342,0,0,0,2342,Texas
16029,Caribou,6963,2793,0,2793,4170,Idaho
12029,Dixie,16422,3773,0,3773,12649,Florida
36013,Chautauqua,134905,75732,0,75732,59173,NewYork
21221,Trigg,14339,2960,0,2960,11379,Kentucky
26029,Charlevoix,25949,7680,0,7680,18269,Michigan
13149,Heard,11834,0,0,0,11834,Georgia
30093,Silver Bow,34200,30287,0,30287,3913,Montana
23029,Washington,32856,2504,0,2504,30352,Maine
12045,Gulf,15863,3635,0,3635,12228,Florida
20199,Wallace,1485,0,0,0,1485,Kansas
31109,Lancaster,285407,261852,258719,3133,23555,Nebraska
42133,York,434972,327445,306069,21376,107527,Pennsylvania
1131,Wilcox,11670,0,0,0,11670,Alabama
27063,Jackson,10266,3169,0,3169,7097,Minnesota
13091,Dodge,21796,6053,0,6053,15743,Georgia
8001,Adams,441603,425615,425615,0,15988,Colorado
72129,San Lorenzo Municipio,41058,36451,36451,0,4607,PuertoRico
48271,Kinney,3598,2862,0,2862,736,Texas
39165,Warren,212693,175969,175969,0,36724,Ohio
24043,Washington,147430,103953,101406,2547,43477,Maryland
5033,Crawford,61948,29759,29759,0,32189,Arkansas
39049,Franklin,1163414,1147661,1145507,2154,15753,Ohio
39011,Auglaize,45949,27966,2113,25853,17983,Ohio
21063,Elliott,7852,0,0,0,7852,Kentucky
47117,Marshall,30617,10464,0,10464,20153,Tennessee
33003,Carroll,47818,4685,0,4685,43133,NewHampshire
18105,Monroe,137974,108657,108657,0,29317,Indiana
48443,Terrell,984,0,0,0,984,Texas
6081,San Mateo,718451,704865,684152,20713,13586,California
12127,Volusia,494593,445414,445414,0,49179,Florida
48121,Denton,662614,616855,587465,29390,45759,Texas
54039,Kanawha,193063,144434,140115,4319,48629,WestVirginia
48173,Glasscock,1226,0,0,0,1226,Texas
30037,Golden Valley,884,0,0,0,884,Montana
37091,Hertford,24669,7737,0,7737,16932,NorthCarolina
20071,Greeley,1247,0,0,0,1247,Kansas
40091,McIntosh,20252,2572,0,2572,17680,Oklahoma
27043,Faribault,14553,3257,0,3257,11296,Minnesota
24019,Dorchester,32618,14280,0,14280,18338,Maryland
38059,Morton,27471,18720,18720,0,8751,NorthDakota
1017,Chambers,34215,17399,0,17399,16816,Alabama
36079,Putnam,99710,79220,75944,3276,20490,NewYork
48325,Medina,46006,17687,0,17687,28319,Texas
26031,Cheboygan,26152,4517,0,4517,21635,Michigan
17041,Douglas,19980,7665,0,7665,12315,Illinois
1013,Butler,20947,6026,0,6026,14921,Alabama
1111,Randolph,22913,4275,0,4275,18638,Alabama
36089,St. Lawrence,111944,42548,0,42548,69396,NewYork
51099,King George,23584,6323,0,6323,17261,Virginia
22105,Tangipahoa Parish,121097,71533,65372,6161,49564,Louisiana
5045,Faulkner,113237,69346,65277,4069,43891,Arkansas
48165,Gaines,17526,6477,0,6477,11049,Texas
21005,Anderson,21421,12489,0,12489,8932,Kentucky
55051,Iron,5916,1905,0,1905,4011,Wisconsin
1035,Conecuh,13228,2520,0,2520,10708,Alabama
23003,Aroostook,71870,14183,0,14183,57687,Maine
20087,Jefferson,19126,226,226,0,18900,Kansas
27117,Pipestone,9596,4098,0,4098,5498,Minnesota
21003,Allen,19956,4251,0,4251,15705,Kentucky
22033,East Baton Rouge Parish,440171,409905,409905,0,30266,Louisiana
35019,Guadalupe,4687,2621,0,2621,2066,NewMexico
36041,Hamilton,4836,0,0,0,4836,NewYork
20103,Leavenworth,76227,54073,0,54073,22154,Kansas
39047,Fayette,29030,15168,0,15168,13862,Ohio
31179,Wayne,9595,5557,0,5557,4038,Nebraska
19181,Warren,46225,26831,8861,17970,19394,Iowa
40001,Adair,22683,3789,0,3789,18894,Oklahoma
22047,Iberville Parish,33387,13617,11477,2140,19770,Louisiana
17195,Whiteside,58498,36653,0,36653,21845,Illinois
21081,Grant,24662,8634,0,8634,16028,Kentucky
51660,Harrisonburg city,48914,48914,48914,0,0,Virginia
18115,Ohio,6128,0,0,0,6128,Indiana
22003,Allen Parish,25764,7878,0,7878,17886,Louisiana
36113,Warren,65707,43413,39868,3545,22294,NewYork
42085,Mercer,116638,64747,39043,25704,51891,Pennsylvania
26059,Hillsdale,46688,14414,0,14414,32274,Michigan
36039,Greene,49221,13220,140,13080,36001,NewYork
42067,Juniata,24636,4372,0,4372,20264,Pennsylvania
13071,Colquitt,45498,18677,0,18677,26821,Georgia
30007,Broadwater,5612,0,0,0,5612,Montana
8061,Kiowa,1398,0,0,0,1398,Colorado
13223,Paulding,142324,113784,110495,3289,28540,Georgia
42077,Lehigh,349497,321797,321797,0,27700,Pennsylvania
12077,Liberty,8365,0,0,0,8365,Florida
12115,Sarasota,379448,363054,363054,0,16394,Florida
54065,Morgan,17541,0,0,0,17541,WestVirginia
53017,Douglas,38431,28210,28210,0,10221,Washington
13073,Columbia,124053,103922,101217,2705,20131,Georgia
38091,Steele,1975,0,0,0,1975,NorthDakota
30067,Park,15636,8172,0,8172,7464,Montana
18167,Vigo,107848,82225,82225,0,25623,Indiana
55019,Clark,34690,2869,0,2869,31821,Wisconsin
30021,Dawson,8966,6494,0,6494,2472,Montana
45071,Newberry,37508,12059,13,12046,25449,SouthCarolina
19061,Dubuque,93653,68351,64767,3584,25302,Iowa
42069,Lackawanna,214437,179472,176661,2811,34965,Pennsylvania
53007,Chelan,72453,52728,39017,13711,19725,Washington
38105,Williams,22398,15127,0,15127,7271,NorthDakota
40145,Wagoner,73085,45701,37658,8043,27384,Oklahoma
6015,Del Norte,28610,18976,0,18976,9634,California
51047,Culpeper,46689,17778,0,17778,28911,Virginia
55093,Pierce,41019,19013,0,19013,22006,Wisconsin
55133,Waukesha,389891,351446,332755,18691,38445,Wisconsin
31111,Lincoln,36288,25213,0,25213,11075,Nebraska
5009,Boone,36903,13950,0,13950,22953,Arkansas
38055,McLean,8962,0,0,0,8962,NorthDakota
41009,Columbia,49351,27828,2354,25474,21523,Oregon
29105,Laclede,35571,14046,0,14046,21525,Missouri
47057,Grainger,22657,0,0,0,22657,Tennessee
46051,Grant,7356,3283,0,3283,4073,SouthDakota
27127,Redwood,16059,4958,0,4958,11101,Minnesota
20185,Stafford,4437,0,0,0,4437,Kansas
22029,Concordia Parish,20822,13856,0,13856,6966,Louisiana
48157,Fort Bend,585375,552970,547198,5772,32405,Texas
21123,Larue,14193,3413,0,3413,10780,Kentucky
27037,Dakota,398552,378900,355604,23296,19652,Minnesota
48477,Washington,33718,15682,0,15682,18036,Texas
17065,Hamilton,8457,2698,0,2698,5759,Illinois
37131,Northampton,22099,2350,0,2350,19749,NorthCarolina
33015,Rockingham,295223,221718,218228,3490,73505,NewHampshire
54067,Nicholas,26233,3369,0,3369,22864,WestVirginia
4001,Apache,71518,18551,0,18551,52967,Arizona
13205,Mitchell,23498,10689,0,10689,12809,Georgia
31065,Furnas,4959,0,0,0,4959,Nebraska
13217,Newton,99958,68727,68727,0,31231,Georgia
35013,Do?a Ana,209233,168871,159312,9559,40362,NewMexico
36031,Essex,39370,9899,0,9899,29471,NewYork
55113,Sawyer,16557,2616,0,2616,13941,Wisconsin
21057,Cumberland,6856,0,0,0,6856,Kentucky
26149,St. Joseph,61295,27934,0,27934,33361,Michigan
6039,Madera,150865,101193,78413,22780,49672,California
48205,Hartley,6062,2591,0,2591,3471,Texas
28005,Amite,13131,0,0,0,13131,Mississippi
26097,Mackinac,11113,2531,0,2531,8582,Michigan
72093,Maricao Municipio,6276,2697,0,2697,3579,PuertoRico
35007,Colfax,13750,6551,0,6551,7199,NewMexico
28009,Benton,8729,0,0,0,8729,Mississippi
47097,Lauderdale,27815,11498,0,11498,16317,Tennessee
27021,Cass,28567,0,0,0,28567,Minnesota
47019,Carter,57424,33900,33900,0,23524,Tennessee
47171,Unicoi,18313,10133,345,9788,8180,Tennessee
20127,Morris,5923,0,0,0,5923,Kansas
45087,Union,28961,10033,0,10033,18928,SouthCarolina
6067,Sacramento,1418788,1389531,1359243,30288,29257,California
53075,Whitman,44776,32449,0,32449,12327,Washington
30031,Gallatin,89513,59488,0,59488,30025,Montana
19131,Mitchell,10776,3535,0,3535,7241,Iowa
18157,Tippecanoe,172780,147725,147725,0,25055,Indiana
12039,Gadsden,46389,16060,622,15438,30329,Florida
18071,Jackson,42376,23844,0,23844,18532,Indiana
51173,Smyth,32208,7960,0,7960,24248,Virginia
8109,Saguache,6108,0,0,0,6108,Colorado
45013,Beaufort,162233,130360,68998,61362,31873,SouthCarolina
31001,Adams,31364,24312,0,24312,7052,Nebraska
47189,Wilson,113993,70143,42490,27653,43850,Tennessee
53029,Island,78506,41690,0,41690,36816,Washington
48089,Colorado,20874,7804,0,7804,13070,Texas
17013,Calhoun,5089,0,0,0,5089,Illinois
6073,San Diego,3095313,2993259,2964846,28413,102054,California
54025,Greenbrier,35480,10738,0,10738,24742,WestVirginia
6055,Napa,136484,118194,103379,14815,18290,California
51113,Madison,13308,0,0,0,13308,Virginia
28085,Lincoln,34869,10635,0,10635,24234,Mississippi
26151,Sanilac,43114,4226,1451,2775,38888,Michigan
8033,Dolores,2064,0,0,0,2064,Colorado
38083,Sheridan,1321,0,0,0,1321,NorthDakota
47101,Lewis,12161,3625,0,3625,8536,Tennessee
42003,Allegheny,1223348,1192932,1192932,0,30416,Pennsylvania
30107,Wheatland,2168,0,0,0,2168,Montana
19103,Johnson,130882,106621,106621,0,24261,Iowa
1109,Pike,32899,15897,0,15897,17002,Alabama
13151,Henry,203922,175672,175672,0,28250,Georgia
46005,Beadle,17398,12637,0,12637,4761,SouthDakota
20035,Cowley,36311,25055,0,25055,11256,Kansas
13163,Jefferson,16930,3273,0,3273,13657,Georgia
17131,Mercer,16434,3655,0,3655,12779,Illinois
17091,Kankakee,113449,85703,81926,3777,27746,Illinois
31003,Antelope,6685,0,0,0,6685,Nebraska
55115,Shawano,41949,10742,0,10742,31207,Wisconsin
18117,Orange,19840,3282,0,3282,16558,Indiana
18155,Switzerland,10613,0,0,0,10613,Indiana
38097,Traill,8121,0,0,0,8121,NorthDakota
12129,Wakulla,30776,11794,0,11794,18982,Florida
26027,Cass,52293,15070,8988,6082,37223,Michigan
26147,St. Clair,163040,100032,100028,4,63008,Michigan
55119,Taylor,20689,4046,0,4046,16643,Wisconsin
40071,Kay,46562,35166,0,35166,11396,Oklahoma
13007,Baker,3451,0,0,0,3451,Georgia
51043,Clarke,14034,4277,0,4277,9757,Virginia
18133,Putnam,37963,13362,0,13362,24601,Indiana
39113,Montgomery,535153,511974,507896,4078,23179,Ohio
44009,Washington,126979,87840,84898,2942,39139,RhodeIsland
28031,Covington,19568,0,0,0,19568,Mississippi
26053,Gogebic,16427,5229,0,5229,11198,Michigan
20081,Haskell,4256,0,0,0,4256,Kansas
37133,Onslow,177772,130931,105419,25512,46841,NorthCarolina
17157,Randolph,33476,19201,0,19201,14275,Illinois
31007,Banner,690,0,0,0,690,Nebraska
16007,Bear Lake,5986,0,0,0,5986,Idaho
35037,Quay,9041,5283,0,5283,3758,NewMexico
38075,Renville,2470,0,0,0,2470,NorthDakota
31169,Thayer,5228,0,0,0,5228,Nebraska
48313,Madison,13664,4454,0,4454,9210,Texas
35028,Los Alamos,17950,15932,0,15932,2018,NewMexico
17001,Adams,67103,45228,0,45228,21875,Illinois
48127,Dimmit,9996,6050,0,6050,3946,Texas
54053,Mason,27324,9561,0,9561,17763,WestVirginia
46025,Clark,3691,0,0,0,3691,SouthDakota
31165,Sioux,1311,0,0,0,1311,Nebraska
1127,Walker,67023,17367,0,17367,49656,Alabama
28067,Jones,67761,26131,0,26131,41630,Mississippi
29215,Texas,26008,205,0,205,25803,Missouri
20153,Rawlins,2519,0,0,0,2519,Kansas
49053,Washington,138115,117103,98370,18733,21012,Utah
13115,Floyd,96317,60851,60851,0,35466,Georgia
27069,Kittson,4552,0,0,0,4552,Minnesota
18055,Greene,33165,8343,0,8343,24822,Indiana
31125,Nance,3735,0,0,0,3735,Nebraska
6027,Inyo,18546,9935,0,9935,8611,California
40009,Beckham,22119,14896,0,14896,7223,Oklahoma
45047,Greenwood,69661,41969,0,41969,27692,SouthCarolina
21187,Owen,10841,0,0,0,10841,Kentucky
22001,Acadia Parish,61773,29837,209,29628,31936,Louisiana
15009,Maui,154834,132278,55934,76344,22556,Hawaii
31095,Jefferson,7547,3912,0,3912,3635,Nebraska
39067,Harrison,15864,2521,0,2521,13343,Ohio
42117,Tioga,41981,4152,0,4152,37829,Pennsylvania
29061,Daviess,8433,0,0,0,8433,Missouri
20079,Harvey,34684,23960,0,23960,10724,Kansas
47005,Benton,16489,3552,0,3552,12937,Tennessee
54091,Taylor,16895,6808,0,6808,10087,WestVirginia
13047,Catoosa,63942,45973,45973,0,17969,Georgia
45059,Laurens,66537,23824,2312,21512,42713,SouthCarolina
31005,Arthur,460,0,0,0,460,Nebraska
28137,Tate,28886,6531,0,6531,22355,Mississippi
35033,Mora,4881,0,0,0,4881,NewMexico
28119,Quitman,8223,3536,0,3536,4687,Mississippi
18051,Gibson,33503,15539,0,15539,17964,Indiana
26143,Roscommon,24449,8300,0,8300,16149,Michigan
17143,Peoria,186494,159181,157180,2001,27313,Illinois
45065,McCormick,10233,0,0,0,10233,SouthCarolina
16025,Camas,1117,0,0,0,1117,Idaho
12037,Franklin,11549,3691,0,3691,7858,Florida
47183,Weakley,35021,11555,0,11555,23466,Tennessee
29053,Cooper,17601,8237,0,8237,9364,Missouri
46039,Deuel,4364,0,0,0,4364,SouthDakota
47077,Henderson,27769,6560,0,6560,21209,Tennessee
18091,LaPorte,111467,71754,64820,6934,39713,Indiana
8089,Otero,18831,12352,0,12352,6479,Colorado
28061,Jasper,17062,0,0,0,17062,Mississippi
20187,Stanton,2235,0,0,0,2235,Kansas
45051,Horry,269291,187492,187486,6,81799,SouthCarolina
46097,Miner,2389,0,0,0,2389,SouthDakota
37157,Rockingham,93643,35636,0,35636,58007,NorthCarolina
39017,Butler,368130,333736,312360,21376,34394,Ohio
17027,Clinton,37762,19350,0,19350,18412,Illinois
28123,Scott,28264,7866,0,7866,20398,Mississippi
48399,Runnels,10501,6221,0,6221,4280,Texas
40135,Sequoyah,42391,14148,128,14020,28243,Oklahoma
29185,St. Clair,9805,0,0,0,9805,Missouri
48493,Wilson,42918,6068,0,6068,36850,Texas
29151,Osage,13878,0,0,0,13878,Missouri
47135,Perry,7915,0,0,0,7915,Tennessee
13143,Haralson,28780,6516,0,6516,22264,Georgia
46015,Brule,5255,0,0,0,5255,SouthDakota
48431,Sterling,1143,0,0,0,1143,Texas
20095,Kingman,7858,2978,0,2978,4880,Kansas
38051,McIntosh,2809,0,0,0,2809,NorthDakota
21053,Clinton,10272,0,0,0,10272,Kentucky
12065,Jefferson,14761,0,0,0,14761,Florida
51025,Brunswick,17434,4270,0,4270,13164,Virginia
55085,Oneida,35998,9010,0,9010,26988,Wisconsin
45009,Bamberg,15987,7273,0,7273,8714,SouthCarolina
27141,Sherburne,88499,49389,25837,23552,39110,Minnesota
19045,Clinton,49116,33284,0,33284,15832,Iowa
48355,Nueces,340223,318288,303181,15107,21935,Texas
30041,Hill,16096,9657,0,9657,6439,Montana
13165,Jenkins,8340,2827,0,2827,5513,Georgia
51147,Prince Edward,23368,8597,0,8597,14771,Virginia
6019,Fresno,930450,829913,654628,175285,100537,California
37109,Lincoln,78265,35569,10797,24772,42696,NorthCarolina
38029,Emmons,3550,0,0,0,3550,NorthDakota
51051,Dickenson,15903,0,0,0,15903,Virginia
18161,Union,7516,0,0,0,7516,Indiana
40103,Noble,11561,5052,0,5052,6509,Oklahoma
1069,Houston,101547,67220,66099,1121,34327,Alabama
38003,Barnes,11066,6689,0,6689,4377,NorthDakota
47155,Sevier,89889,38969,15610,23359,50920,Tennessee
28093,Marshall,37144,6160,0,6160,30984,Mississippi
48039,Brazoria,313166,242614,226964,15650,70552,Texas
8095,Phillips,4442,0,0,0,4442,Colorado
29207,Stoddard,29968,9053,0,9053,20915,Missouri
47063,Hamblen,62544,48864,48864,0,13680,Tennessee
12035,Flagler,95696,85819,85819,0,9877,Florida
17059,Gallatin,5589,0,0,0,5589,Illinois
5101,Newton,8330,0,0,0,8330,Arkansas
47111,Macon,22248,4545,0,4545,17703,Tennessee
33017,Strafford,123143,83243,80286,2957,39900,NewHampshire
48183,Gregg,121730,105464,92517,12947,16266,Texas
40037,Creek,69967,32224,25128,7096,37743,Oklahoma
29179,Reynolds,6696,0,0,0,6696,Missouri
40109,Oklahoma,718633,673536,669632,3904,45097,Oklahoma
55049,Iowa,23687,4756,0,4756,18931,Wisconsin
12111,St. Lucie,277789,268463,268463,0,9326,Florida
39127,Perry,36058,8927,0,8927,27131,Ohio
48503,Young,18550,12323,0,12323,6227,Texas
53027,Grays Harbor,72797,43596,0,43596,29201,Washington
8115,Sedgwick,2379,0,0,0,2379,Colorado
29125,Maries,9176,0,0,0,9176,Missouri
16039,Elmore,27038,19769,0,19769,7269,Idaho
16061,Lewis,3821,0,0,0,3821,Idaho
19067,Floyd,16303,7706,0,7706,8597,Iowa
39053,Gallia,30934,5769,0,5769,25165,Ohio
42037,Columbia,67295,39804,39504,300,27491,Pennsylvania
41031,Jefferson,21720,8010,0,8010,13710,Oregon
6107,Tulare,442179,373730,289726,84004,68449,California
31045,Dawes,9182,5515,0,5515,3667,Nebraska
1049,DeKalb,71109,7018,0,7018,64091,Alabama
49017,Garfield,5172,0,0,0,5172,Utah
13303,Washington,21187,7288,0,7288,13899,Georgia
34039,Union,536499,536499,536499,0,0,NewJersey
28065,Jefferson Davis,12487,0,0,0,12487,Mississippi
26071,Iron,11817,3208,0,3208,8609,Michigan
47017,Carroll,28522,4832,0,4832,23690,Tennessee
55003,Ashland,16157,7293,0,7293,8864,Wisconsin
29153,Ozark,9723,0,0,0,9723,Missouri
42119,Union,44947,25703,0,25703,19244,Pennsylvania
13249,Schley,5010,0,0,0,5010,Georgia
6085,Santa Clara,1781642,1762335,1762335,0,19307,California
42019,Butler,183862,106706,58716,47990,77156,Pennsylvania
51145,Powhatan,28046,91,91,0,27955,Virginia
22103,St. Tammany Parish,233740,179470,179470,0,54270,Louisiana
36017,Chenango,50477,8373,0,8373,42104,NewYork
30083,Richland,9746,5438,0,5438,4308,Montana
19185,Wayne,6403,0,0,0,6403,Iowa
48337,Montague,19719,8096,0,8096,11623,Texas
18005,Bartholomew,76794,50912,50912,0,25882,Indiana
18019,Clark,110232,87618,80697,6921,22614,Indiana
17129,Menard,12705,3088,0,3088,9617,Illinois
13285,Troup,67044,37344,0,37344,29700,Georgia
26007,Alpena,29598,14258,0,14258,15340,Michigan
5145,White,77076,35210,0,35210,41866,Arkansas
48109,Culberson,2398,0,0,0,2398,Texas
54023,Grant,11937,2545,0,2545,9392,WestVirginia
42099,Perry,45969,5287,2630,2657,40682,Pennsylvania
45063,Lexington,262391,196069,187518,8551,66322,SouthCarolina
54057,Mineral,28212,9989,2249,7740,18223,WestVirginia
39057,Greene,161573,137483,126084,11399,24090,Ohio
46119,Sully,1373,0,0,0,1373,SouthDakota
38015,Burleigh,81308,66227,63235,2992,15081,NorthDakota
55029,Door,27785,8617,0,8617,19168,Wisconsin
36057,Montgomery,50219,29660,0,29660,20559,NewYork
30081,Ravalli,40212,6182,0,6182,34030,Montana
18175,Washington,28262,6544,0,6544,21718,Indiana
20101,Lane,1750,0,0,0,1750,Kansas
45005,Allendale,10419,3307,0,3307,7112,SouthCarolina
19065,Fayette,20880,6143,0,6143,14737,Iowa
22049,Jackson Parish,16274,5609,0,5609,10665,Louisiana
31015,Boyd,2099,0,0,0,2099,Nebraska
72149,Villalba Municipio,26073,22564,22564,0,3509,PuertoRico
32007,Elko,48818,30340,0,30340,18478,Nevada
37193,Wilkes,69340,18867,0,18867,50473,NorthCarolina
20063,Gove,2695,0,0,0,2695,Kansas
24025,Harford,244826,201352,201352,0,43474,Maryland
45067,Marion,33062,12976,0,12976,20086,SouthCarolina
46099,Minnehaha,169468,146359,134602,11757,23109,SouthDakota
6005,Amador,38091,15075,0,15075,23016,California
38069,Pierce,4357,2824,0,2824,1533,NorthDakota
23011,Kennebec,122151,45403,0,45403,76748,Maine
12101,Pasco,464697,420707,420691,16,43990,Florida
32017,Lincoln,5345,0,0,0,5345,Nevada
21199,Pulaski,63063,29042,0,29042,34021,Kentucky
46067,Hutchinson,7343,0,0,0,7343,SouthDakota
26021,Berrien,156813,105289,89824,15465,51524,Michigan
29029,Camden,44002,11340,0,11340,32662,Missouri
29111,Lewis,10211,0,0,0,10211,Missouri
19161,Sac,10350,0,0,0,10350,Iowa
48263,Kent,808,0,0,0,808,Texas
13129,Gordon,55186,26733,0,26733,28453,Georgia
51820,Waynesboro city,21006,20475,20475,0,531,Virginia
17193,White,14665,5568,0,5568,9097,Illinois
30061,Mineral,4223,0,0,0,4223,Montana
5071,Johnson,25540,7313,0,7313,18227,Arkansas
13195,Madison,28120,2284,2281,3,25836,Georgia
20149,Pottawatomie,21604,8876,1789,7087,12728,Kansas
28035,Forrest,74934,52727,52727,0,22207,Mississippi
12005,Bay,168852,148590,142773,5817,20262,Florida
16077,Power,7817,4488,0,4488,3329,Idaho
29117,Livingston,15195,9633,0,9633,5562,Missouri
39145,Scioto,79499,36349,0,36349,43150,Ohio
31079,Hall,58607,50036,50036,0,8571,Nebraska
36119,Westchester,949113,918044,915365,2679,31069,NewYork
50021,Rutland,61642,24032,0,24032,37610,Vermont
16009,Benewah,9285,2608,0,2608,6677,Idaho
54055,Mercer,62264,36903,0,36903,25361,WestVirginia
28135,Tallahatchie,15378,2930,0,2930,12448,Mississippi
27095,Mille Lacs,26097,7614,0,7614,18483,Minnesota
5141,Van Buren,17295,0,0,0,17295,Arkansas
48327,Menard,2242,0,0,0,2242,Texas
41007,Clatsop,37039,22604,0,22604,14435,Oregon
45023,Chester,33140,9351,0,9351,23789,SouthCarolina
32013,Humboldt,16528,10268,0,10268,6260,Nevada
19079,Hamilton,15673,7761,0,7761,7912,Iowa
45069,Marlboro,28933,13006,0,13006,15927,SouthCarolina
16027,Canyon,188923,151388,151272,116,37535,Idaho
39117,Morrow,34827,3887,0,3887,30940,Ohio
12047,Hamilton,14799,5404,0,5404,9395,Florida
48323,Maverick,54258,49236,0,49236,5022,Texas
30057,Madison,7691,0,0,0,7691,Montana
36069,Ontario,107931,56698,34948,21750,51233,NewYork
21181,Nicholas,7135,0,0,0,7135,Kentucky
29145,Newton,58114,20667,8712,11955,37447,Missouri
48301,Loving,82,0,0,0,82,Texas
56007,Carbon,15885,9272,0,9272,6613,Wyoming
28047,Harrison,187105,144361,144361,0,42744,Mississippi
17029,Coles,53873,40788,0,40788,13085,Illinois
48485,Wichita,131500,117473,98440,19033,14027,Texas
20183,Smith,3853,0,0,0,3853,Kansas
40003,Alfalfa,5642,0,0,0,5642,Oklahoma
37113,Macon,33922,6781,0,6781,27141,NorthCarolina
51179,Stafford,128961,103485,103485,0,25476,Virginia
51037,Charlotte,12586,0,0,0,12586,Virginia
13235,Pulaski,12010,3999,0,3999,8011,Georgia
29225,Webster,36202,9438,0,9438,26764,Missouri
55107,Rusk,14755,3449,0,3449,11306,Wisconsin
20049,Elk,2882,0,0,0,2882,Kansas
28107,Panola,34707,7309,0,7309,27398,Mississippi
18159,Tipton,15936,6119,176,5943,9817,Indiana
27091,Martin,20840,9578,0,9578,11262,Minnesota
28149,Warren,48773,28828,0,28828,19945,Mississippi
22079,Rapides Parish,131613,79590,79590,0,52023,Louisiana
9001,Fairfield,916829,874801,874801,0,42028,Connecticut
51630,Fredericksburg city,24286,24003,24003,0,283,Virginia
72023,Cabo Rojo Municipio,50917,48609,48609,0,2308,PuertoRico
19097,Jackson,19848,9275,0,9275,10573,Iowa
5097,Montgomery,9487,0,0,0,9487,Arkansas
48433,Stonewall,1490,0,0,0,1490,Texas
13253,Seminole,8729,2745,0,2745,5984,Georgia
45037,Edgefield,26985,7202,2640,4562,19783,SouthCarolina
46115,Spink,6415,0,0,0,6415,SouthDakota
36029,Erie,919040,832615,811544,21071,86425,NewYork
47187,Williamson,183182,147670,118901,28769,35512,Tennessee
41067,Washington,529710,500099,500099,0,29611,Oregon
40141,Tillman,7992,3899,0,3899,4093,Oklahoma
41049,Morrow,11173,6048,0,6048,5125,Oregon
17071,Henderson,7331,25,0,25,7306,Illinois
6115,Yuba,72155,53234,44548,8686,18921,California
47103,Lincoln,33361,9178,0,9178,24183,Tennessee
28079,Leake,23805,4478,0,4478,19327,Mississippi
54033,Harrison,69099,43498,0,43498,25601,WestVirginia
29045,Clark,7139,0,0,0,7139,Missouri
17191,Wayne,16760,5039,0,5039,11721,Illinois
39123,Ottawa,41428,20943,1682,19261,20485,Ohio
51191,Washington,54876,15543,15543,0,39333,Virginia
47041,DeKalb,18723,4050,0,4050,14673,Tennessee
12131,Walton,55043,20297,9973,10324,34746,Florida
36049,Lewis,27087,3562,0,3562,23525,NewYork
22053,Jefferson Davis Parish,31594,15576,0,15576,16018,Louisiana
6017,El Dorado,181058,118231,61422,56809,62827,California
8113,San Miguel,7359,0,0,0,7359,Colorado
29223,Wayne,13521,0,0,0,13521,Missouri
55137,Waushara,24496,2573,0,2573,21923,Wisconsin
17137,Morgan,35547,22669,0,22669,12878,Illinois
47123,Monroe,44519,10651,0,10651,33868,Tennessee
48277,Lamar,49793,26349,0,26349,23444,Texas
29149,Oregon,10881,2118,0,2118,8763,Missouri
48189,Hale,36273,27894,0,27894,8379,Texas
21025,Breathitt,13878,2567,0,2567,11311,Kentucky
55111,Sauk,61976,33376,0,33376,28600,Wisconsin
41047,Marion,315335,274046,213938,60108,41289,Oregon
23013,Knox,39736,12743,0,12743,26993,Maine
36107,Tioga,51125,17557,7332,10225,33568,NewYork
13025,Brantley,18411,102,0,102,18309,Georgia
29097,Jasper,117404,89589,74063,15526,27815,Missouri
22007,Assumption Parish,23421,12883,4734,8149,10538,Louisiana
56001,Albany,36299,31965,0,31965,4334,Wyoming
30091,Sheridan,3384,0,0,0,3384,Montana
46013,Brown,36531,25977,0,25977,10554,SouthDakota
26145,Saginaw,200169,137880,132908,4972,62289,Michigan
13245,Richmond,200549,182066,182066,0,18483,Georgia
8091,Ouray,4436,0,0,0,4436,Colorado
13131,Grady,25011,9414,0,9414,15597,Georgia
18059,Hancock,70002,48689,48689,0,21313,Indiana
25003,Berkshire,131219,89762,59124,30638,41457,Massachusetts
55005,Barron,45870,15629,0,15629,30241,Wisconsin
6077,San Joaquin,685306,627241,610468,16773,58065,California
31063,Frontier,2756,0,0,0,2756,Nebraska
30099,Teton,6073,0,0,0,6073,Montana
54037,Jefferson,53498,27619,562,27057,25879,WestVirginia
37065,Edgecombe,56552,30930,17349,13581,25622,NorthCarolina
40153,Woodward,20081,11344,0,11344,8737,Oklahoma
31091,Hooker,736,0,0,0,736,Nebraska
18135,Randolph,26171,9980,1383,8597,16191,Indiana
48475,Ward,10658,7686,0,7686,2972,Texas
55135,Waupaca,52410,18375,0,18375,34035,Wisconsin
8007,Archuleta,12084,4909,0,4909,7175,Colorado
53071,Walla Walla,58781,48715,48715,0,10066,Washington
29121,Macon,15566,5014,0,5014,10552,Missouri
39033,Crawford,43784,28344,0,28344,15440,Ohio
5017,Chicot,11800,5395,0,5395,6405,Arkansas
5149,Yell,22185,4631,0,4631,17554,Arkansas
48103,Crane,4375,3907,0,3907,468,Texas
38017,Cass,149778,134149,134149,0,15629,NorthDakota
72071,Isabela Municipio,45631,42648,42648,0,2983,PuertoRico
22089,St. Charles Parish,52780,46716,46716,0,6064,Louisiana
26015,Barry,59173,13534,0,13534,45639,Michigan
12061,Indian River,138028,131171,125877,5294,6857,Florida
5121,Randolph,17969,5854,0,5854,12115,Arkansas
19119,Lyon,11581,0,0,0,11581,Iowa
41019,Douglas,107667,63332,0,63332,44335,Oregon
27099,Mower,39163,25103,0,25103,14060,Minnesota
9013,Tolland,152691,94351,81075,13276,58340,Connecticut
6101,Sutter,94737,80718,72171,8547,14019,California
18023,Clinton,33224,16684,0,16684,16540,Indiana
46021,Campbell,1466,0,0,0,1466,SouthDakota
37047,Columbus,58098,11274,0,11274,46824,NorthCarolina
6079,San Luis Obispo,269637,224887,176368,48519,44750,California
19187,Webster,38013,25122,0,25122,12891,Iowa
48217,Hill,35089,8328,0,8328,26761,Texas
56011,Crook,7083,0,0,0,7083,Wyoming
17045,Edgar,18576,8953,0,8953,9623,Illinois
26165,Wexford,32735,11690,0,11690,21045,Michigan
46087,McCook,5618,0,0,0,5618,SouthDakota
27119,Polk,31600,16282,8318,7964,15318,Minnesota
53077,Yakima,243231,186025,129534,56491,57206,Washington
47169,Trousdale,7870,0,0,0,7870,Tennessee
24017,Charles,146551,103313,102818,495,43238,Maryland
17017,Cass,13642,6530,0,6530,7112,Illinois
18033,DeKalb,42223,24363,0,24363,17860,Indiana
72145,Vega Baja Municipio,59662,57170,57170,0,2492,PuertoRico
1041,Crenshaw,13906,0,0,0,13906,Alabama
27039,Dodge,20087,9689,0,9689,10398,Minnesota
54029,Hancock,30676,21378,16740,4638,9298,WestVirginia
17113,McLean,169572,141598,132600,8998,27974,Illinois
51077,Grayson,15533,19,0,19,15514,Virginia
48155,Foard,1336,0,0,0,1336,Texas
12103,Pinellas,916542,913939,913939,0,2603,Florida
47071,Hardin,26026,8347,0,8347,17679,Tennessee
37045,Cleveland,98078,43360,11171,32189,54718,NorthCarolina
21175,Morgan,13923,0,0,0,13923,Kentucky
17047,Edwards,6721,0,0,0,6721,Illinois
36075,Oswego,122109,46701,7316,39385,75408,NewYork
13231,Pike,17869,185,185,0,17684,Georgia
54021,Gilmer,8693,3415,0,3415,5278,WestVirginia
16035,Clearwater,8761,3626,0,3626,5135,Idaho
55011,Buffalo,13587,0,0,0,13587,Wisconsin
55053,Jackson,20449,5677,0,5677,14772,Wisconsin
13213,Murray,39628,11838,11838,0,27790,Georgia
20039,Decatur,2961,0,0,0,2961,Kansas
51069,Frederick,78305,43246,43246,0,35059,Virginia
21095,Harlan,29278,13422,0,13422,15856,Kentucky
41011,Coos,63043,38864,0,38864,24179,Oregon
46055,Haakon,1937,0,0,0,1937,SouthDakota
54031,Hardy,14025,2732,0,2732,11293,WestVirginia
72153,Yauco Municipio,42043,34303,34303,0,7740,PuertoRico
1031,Coffee,49948,26375,0,26375,23573,Alabama
9003,Hartford,894014,845660,845593,67,48354,Connecticut
37195,Wilson,81234,49828,638,49190,31406,NorthCarolina
21223,Trimble,8809,467,0,467,8342,Kentucky
42017,Bucks,625249,570042,569654,388,55207,Pennsylvania
51670,Hopewell city,22591,22591,22591,0,0,Virginia
36067,Onondaga,467026,408239,404715,3524,58787,NewYork
51015,Augusta,73750,24752,13267,11485,48998,Virginia
40057,Harmon,2922,0,0,0,2922,Oklahoma
39013,Belmont,70400,31916,27565,4351,38484,Ohio
55087,Outagamie,176695,132983,127979,5004,43712,Wisconsin
29181,Ripley,14100,0,0,0,14100,Missouri
37111,McDowell,44996,13363,0,13363,31633,NorthCarolina
47025,Claiborne,32213,9163,0,9163,23050,Tennessee
13305,Wayne,30099,12660,0,12660,17439,Georgia
31089,Holt,10435,3682,0,3682,6753,Nebraska
50005,Caledonia,31227,7997,0,7997,23230,Vermont
45031,Darlington,68681,29008,13883,15125,39673,SouthCarolina
37161,Rutherford,67810,26418,0,26418,41392,NorthCarolina
38095,Towner,2246,0,0,0,2246,NorthDakota
29007,Audrain,25529,15012,0,15012,10517,Missouri
5069,Jefferson,77435,53495,53495,0,23940,Arkansas
31083,Harlan,3423,0,0,0,3423,Nebraska
22059,La Salle Parish,14890,3992,0,3992,10898,Louisiana
22123,West Carroll Parish,11604,0,0,0,11604,Louisiana
37069,Franklin,60619,8900,4829,4071,51719,NorthCarolina
13087,Decatur,27842,12118,0,12118,15724,Georgia
18083,Knox,38440,24519,0,24519,13921,Indiana
55101,Racine,195408,171416,140909,30507,23992,Wisconsin
48445,Terry,12651,9530,0,9530,3121,Texas
21069,Fleming,14348,2795,0,2795,11553,Kentucky
12071,Lee,618754,582741,580917,1824,36013,Florida
31021,Burt,6858,0,0,0,6858,Nebraska
48245,Jefferson,252273,231077,231077,0,21196,Texas
21059,Daviess,96656,70543,70543,0,26113,Kentucky
46081,Lawrence,24097,15209,0,15209,8888,SouthDakota
28109,Pearl River,55834,16792,0,16792,39042,Mississippi
42035,Clinton,39238,21310,0,21310,17928,Pennsylvania
31075,Grant,614,0,0,0,614,Nebraska
39149,Shelby,49423,24162,0,24162,25261,Ohio
40019,Carter,47557,20888,0,20888,26669,Oklahoma
1057,Fayette,17241,3408,0,3408,13833,Alabama
29073,Gasconade,15222,2912,0,2912,12310,Missouri
49011,Davis,306479,303661,303661,0,2818,Utah
12015,Charlotte,159978,145765,144528,1237,14213,Florida
13017,Ben Hill,17634,11638,0,11638,5996,Georgia
48291,Liberty,75643,27816,0,27816,47827,Texas
27059,Isanti,37816,14270,0,14270,23546,Minnesota
51840,Winchester city,26203,26203,26203,0,0,Virginia
4005,Coconino,134421,92124,71957,20167,42297,Arizona
40123,Pontotoc,37492,17400,0,17400,20092,Oklahoma
51023,Botetourt,33148,11901,11857,44,21247,Virginia
8063,Kit Carson,8270,4243,0,4243,4027,Colorado
37095,Hyde,5810,0,0,0,5810,NorthCarolina
5037,Cross,17870,7722,0,7722,10148,Arkansas
38079,Rolette,13937,0,0,0,13937,NorthDakota
21225,Union,15007,5210,0,5210,9797,Kentucky
1095,Marshall,93019,43469,0,43469,49550,Alabama
51009,Amherst,32353,11756,11756,0,20597,Virginia
23017,Oxford,57833,9767,0,9767,48066,Maine
29143,New Madrid,18956,8177,0,8177,10779,Missouri
48239,Jackson,14075,5374,0,5374,8701,Texas
31093,Howard,6274,0,0,0,6274,Nebraska
20155,Reno,64511,44320,0,44320,20191,Kansas
20115,Marion,12660,2815,0,2815,9845,Kansas
50015,Lamoille,24475,0,0,0,24475,Vermont
16003,Adams,3976,0,0,0,3976,Idaho
46043,Douglas,3002,0,0,0,3002,SouthDakota
40099,Murray,13488,7324,0,7324,6164,Oklahoma
29035,Carter,6265,0,0,0,6265,Missouri
22093,St. James Parish,22102,15979,0,15979,6123,Louisiana
48199,Hardin,54635,26472,16941,9531,28163,Texas
19083,Hardin,17534,5070,0,5070,12464,Iowa
51171,Shenandoah,41993,14032,0,14032,27961,Virginia
35057,Torrance,16383,199,0,199,16184,NewMexico
22035,East Carroll Parish,7759,5076,0,5076,2683,Louisiana
51085,Hanover,99863,60831,60831,0,39032,Virginia
13263,Talbot,6865,420,0,420,6445,Georgia
21085,Grayson,25746,6802,0,6802,18944,Kentucky
19005,Allamakee,14330,3731,0,3731,10599,Iowa
26115,Monroe,152021,94928,88967,5961,57093,Michigan
28069,Kemper,10456,0,0,0,10456,Mississippi
47021,Cheatham,39105,6663,0,6663,32442,Tennessee
21103,Henry,15416,0,0,0,15416,Kentucky
21015,Boone,118811,103042,103042,0,15769,Kentucky
53003,Asotin,21623,20184,20184,0,1439,Washington
18093,Lawrence,46134,19170,0,19170,26964,Indiana
20193,Thomas,7900,5463,0,5463,2437,Kansas
5043,Drew,18509,9512,0,9512,8997,Arkansas
48253,Jones,20202,3000,0,3000,17202,Texas
20073,Greenwood,6689,2591,0,2591,4098,Kansas
54089,Summers,13927,3882,0,3882,10045,WestVirginia
37181,Vance,45422,20858,0,20858,24564,NorthCarolina
18131,Pulaski,13402,2554,0,2554,10848,Indiana
40051,Grady,52431,18935,0,18935,33496,Oklahoma
40147,Washington,50976,38802,0,38802,12174,Oklahoma
29217,Vernon,21159,8832,0,8832,12327,Missouri
39083,Knox,60921,26988,0,26988,33933,Ohio
20145,Pawnee,6973,4764,0,4764,2209,Kansas
39021,Champaign,40097,11699,0,11699,28398,Ohio
38085,Sioux,4153,0,0,0,4153,NorthDakota
31123,Morrill,5042,0,0,0,5042,Nebraska
18111,Newton,14244,0,0,0,14244,Indiana
21019,Boyd,49542,36999,36999,0,12543,Kentucky
47001,Anderson,75129,49088,43341,5747,26041,Tennessee
47065,Hamilton,336463,302742,302742,0,33721,Tennessee
36081,Queens,2230722,2230722,2230722,0,0,NewYork
18025,Crawford,10713,0,0,0,10713,Indiana
51161,Roanoke,92376,75249,75249,0,17127,Virginia
5047,Franklin,18125,3153,0,3153,14972,Arkansas
13019,Berrien,19286,4601,0,4601,14685,Georgia
48005,Angelina,86771,49388,0,49388,37383,Texas
21235,Whitley,35637,12417,0,12417,23220,Kentucky
40023,Choctaw,15205,5028,0,5028,10177,Oklahoma
42095,Northampton,297735,259719,259657,62,38016,Pennsylvania
19035,Cherokee,12072,4662,0,4662,7410,Iowa
21139,Livingston,9519,440,0,440,9079,Kentucky
47031,Coffee,52796,27829,0,27829,24967,Tennessee
29205,Shelby,6373,0,0,0,6373,Missouri
72091,Manat? Municipio,44113,41057,41057,0,3056,PuertoRico
21161,Mason,17490,7801,0,7801,9689,Kentucky
27077,Lake of the Woods,4045,0,0,0,4045,Minnesota
72127,San Juan Municipio,395326,395326,395326,0,0,PuertoRico
26103,Marquette,67077,39247,0,39247,27830,Michigan
55043,Grant,51208,18185,0,18185,33023,Wisconsin
47037,Davidson,626681,605299,605299,0,21382,Tennessee
19011,Benton,26076,5044,0,5044,21032,Iowa
27065,Kanabec,16239,3670,0,3670,12569,Minnesota
51640,Galax city,7042,6076,0,6076,966,Virginia
18103,Miami,36903,19748,294,19454,17155,Indiana
18081,Johnson,139654,120247,120247,0,19407,Indiana
37175,Transylvania,33090,13356,235,13121,19734,NorthCarolina
21229,Washington,11717,0,0,0,11717,Kentucky
22125,West Feliciana Parish,15625,0,0,0,15625,Louisiana
27171,Wright,124700,84163,34182,49981,40537,Minnesota
1115,St. Clair,83593,22740,8869,13871,60853,Alabama
55059,Kenosha,166426,148580,148580,0,17846,Wisconsin
55078,Menominee,4232,0,0,0,4232,Wisconsin
72001,Adjuntas Municipio,19483,11001,54,10947,8482,PuertoRico
27129,Renville,15730,0,0,0,15730,Minnesota
34037,Sussex,149265,89783,37393,52390,59482,NewJersey
35025,Lea,64727,51114,0,51114,13613,NewMexico
48421,Sherman,3034,0,0,0,3034,Texas
20075,Hamilton,2690,0,0,0,2690,Kansas
55097,Portage,70019,44790,0,44790,25229,Wisconsin
47059,Greene,68831,23957,0,23957,44874,Tennessee
13133,Greene,15994,2759,0,2759,13235,Georgia
26043,Dickinson,26168,17594,0,17594,8574,Michigan
18097,Marion,903393,897971,897971,0,5422,Indiana
39041,Delaware,174214,140573,140573,0,33641,Ohio
30053,Lincoln,19687,3978,0,3978,15709,Montana
41063,Wallowa,7008,0,0,0,7008,Oregon
51169,Scott,23177,4143,4143,0,19034,Virginia
42109,Snyder,39702,13173,0,13173,26529,Pennsylvania
48331,Milam,24757,10848,0,10848,13909,Texas
48375,Potter,121073,110181,110181,0,10892,Texas
54109,Wyoming,23796,2645,0,2645,21151,WestVirginia
54069,Ohio,44443,34180,34180,0,10263,WestVirginia
1015,Calhoun,118572,78617,74951,3666,39955,Alabama
48197,Hardeman,4139,0,0,0,4139,Texas
55009,Brown,248007,212060,206388,5672,35947,Wisconsin
49043,Summit,36324,22085,0,22085,14239,Utah
51117,Mecklenburg,32727,7262,0,7262,25465,Virginia
18137,Ripley,28818,4829,0,4829,23989,Indiana
41051,Multnomah,735334,725464,725288,176,9870,Oregon
29075,Gentry,6738,0,0,0,6738,Missouri
5005,Baxter,41513,14180,0,14180,27333,Arkansas
53039,Klickitat,20318,8084,0,8084,12234,Washington
72123,Salinas Municipio,31078,26822,7881,18941,4256,PuertoRico
20041,Dickinson,19754,7054,0,7054,12700,Kansas
29163,Pike,18516,8447,0,8447,10069,Missouri
19007,Appanoose,12887,5380,0,5380,7507,Iowa
6065,Riverside,2189641,2088429,2022683,65746,101212,California
19141,O'Brien,14398,4856,0,4856,9542,Iowa
39097,Madison,43435,22375,142,22233,21060,Ohio
37083,Halifax,54691,24772,0,24772,29919,NorthCarolina
27115,Pine,29750,3183,0,3183,26567,Minnesota
45045,Greenville,451225,394345,394205,140,56880,SouthCarolina
19107,Keokuk,10511,0,0,0,10511,Iowa
48119,Delta,5231,0,0,0,5231,Texas
38039,Griggs,2420,0,0,0,2420,NorthDakota
20123,Mitchell,6373,3295,0,3295,3078,Kansas
2060,Bristol Bay Borough,997,0,0,0,997,Alaska
48359,Oldham,2052,0,0,0,2052,Texas
42021,Cambria,143679,97693,61494,36199,45986,Pennsylvania
12011,Broward,1748066,1747770,1747770,0,296,Florida
37173,Swain,13981,0,0,0,13981,NorthCarolina
39089,Licking,166492,107341,102818,4523,59151,Ohio
27029,Clearwater,8695,0,0,0,8695,Minnesota
28043,Grenada,21906,10481,0,10481,11425,Mississippi
13065,Clinch,6798,2690,0,2690,4108,Georgia
51097,King and Queen,6945,0,0,0,6945,Virginia
28077,Lawrence,12929,0,0,0,12929,Mississippi
51600,Fairfax city,22565,22565,22565,0,0,Virginia
29103,Knox,4131,0,0,0,4131,Missouri
17081,Jefferson,38827,16008,0,16008,22819,Illinois
56033,Sheridan,29116,18786,0,18786,10330,Wyoming
45075,Orangeburg,92501,33506,0,33506,58995,SouthCarolina
13137,Habersham,43041,17749,0,17749,25292,Georgia
53061,Snohomish,713335,636156,615756,20400,77179,Washington
48347,Nacogdoches,64524,34546,0,34546,29978,Texas
13209,Montgomery,9123,118,0,118,9005,Georgia
31029,Chase,3966,0,0,0,3966,Nebraska
8079,Mineral,712,0,0,0,712,Colorado
48075,Childress,7041,4707,0,4707,2334,Texas
29123,Madison,12226,4217,0,4217,8009,Missouri
54015,Clay,9386,0,0,0,9386,WestVirginia
18125,Pike,12845,0,0,0,12845,Indiana
39091,Logan,45858,19758,0,19758,26100,Ohio
56003,Big Horn,11668,0,0,0,11668,Wyoming
22027,Claiborne Parish,17195,3034,0,3034,14161,Louisiana
48285,Lavaca,19263,3599,0,3599,15664,Texas
6049,Modoc,9686,2910,0,2910,6776,California
29027,Callaway,44332,16834,4637,12197,27498,Missouri
18145,Shelby,44436,21308,513,20795,23128,Indiana
53053,Pierce,795225,742814,737886,4928,52411,Washington
5007,Benton,221339,165650,147000,18650,55689,Arkansas
27137,St. Louis,200226,125913,93333,32580,74313,Minnesota
8023,Costilla,3524,0,0,0,3524,Colorado
42071,Lancaster,519445,409026,401726,7300,110419,Pennsylvania
22057,Lafourche Parish,96318,72993,51556,21437,23325,Louisiana
21051,Clay,21730,4657,0,4657,17073,Kentucky
42083,McKean,43450,15843,0,15843,27607,Pennsylvania
72049,Culebra Municipio,1818,0,0,0,1818,PuertoRico
13297,Walton,83768,48034,27958,20076,35734,Georgia
47015,Cannon,13801,2604,0,2604,11197,Tennessee
36099,Seneca,35251,14574,0,14574,20677,NewYork
6097,Sonoma,483878,424102,372309,51793,59776,California
48049,Brown,38106,22711,0,22711,15395,Texas
38071,Ramsey,11451,7444,0,7444,4007,NorthDakota
48177,Gonzales,19807,6877,0,6877,12930,Texas
38031,Foster,3343,0,0,0,3343,NorthDakota
30095,Stillwater,9117,0,0,0,9117,Montana
13049,Charlton,12171,5961,0,5961,6210,Georgia
36023,Cortland,49336,27493,0,27493,21843,NewYork
72097,Mayag?ez Municipio,89080,85465,85465,0,3615,PuertoRico
12031,Duval,864263,839100,839100,0,25163,Florida
5123,St. Francis,28258,13690,0,13690,14568,Arkansas
30049,Lewis and Clark,63395,45055,0,45055,18340,Montana
19021,Buena Vista,20260,11364,0,11364,8896,Iowa
48229,Hudspeth,3476,0,0,0,3476,Texas
21145,McCracken,65565,47322,0,47322,18243,Kentucky
21039,Carlisle,5104,0,0,0,5104,Kentucky
29039,Cedar,13982,3454,0,3454,10528,Missouri
48029,Bexar,1714773,1636938,1634008,2930,77835,Texas
22083,Richland Parish,20725,7037,0,7037,13688,Louisiana
26045,Eaton,107759,66841,48751,18090,40918,Michigan
42015,Bradford,62622,17425,0,17425,45197,Pennsylvania
27173,Yellow Medicine,10438,2002,0,2002,8436,Minnesota
35021,Harding,695,0,0,0,695,NewMexico
13317,Wilkes,10593,3457,0,3457,7136,Georgia
19001,Adair,7682,0,0,0,7682,Iowa
13187,Lumpkin,29966,4812,0,4812,25154,Georgia
40113,Osage,47472,19239,6008,13231,28233,Oklahoma
51083,Halifax,36241,8306,0,8306,27935,Virginia
22121,West Baton Rouge Parish,23788,16542,16542,0,7246,Louisiana
36051,Livingston,65393,29654,0,29654,35739,NewYork
36101,Steuben,98990,39229,631,38598,59761,NewYork
40055,Greer,6239,2954,0,2954,3285,Oklahoma
48257,Kaufman,103350,52897,2534,50363,50453,Texas
39161,Van Wert,28744,14163,0,14163,14581,Ohio
26161,Washtenaw,344791,288085,277404,10681,56706,Michigan
28089,Madison,95203,68564,53243,15321,26639,Mississippi
47011,Bradley,98963,66333,66333,0,32630,Tennessee
20085,Jackson,13462,3245,0,3245,10217,Kansas
18107,Montgomery,38124,18012,0,18012,20112,Indiana
21183,Ohio,23842,6321,0,6321,17521,Kentucky
46073,Jerauld,2071,0,0,0,2071,SouthDakota
26073,Isabella,70311,37554,0,37554,32757,Michigan
40047,Garfield,60580,47609,0,47609,12971,Oklahoma
54083,Randolph,29405,11061,0,11061,18344,WestVirginia
13015,Bartow,100157,64874,60114,4760,35283,Georgia
29175,Randolph,25414,13933,0,13933,11481,Missouri
50027,Windsor,56670,13834,0,13834,42836,Vermont
27041,Douglas,36009,16983,0,16983,19026,Minnesota
6013,Contra Costa,1049025,1040709,1026665,14044,8316,California
5107,Phillips,21757,11321,0,11321,10436,Arkansas
40067,Jefferson,6472,0,0,0,6472,Oklahoma
12123,Taylor,22570,6933,0,6933,15637,Florida
19095,Iowa,16355,2914,0,2914,13441,Iowa
26125,Oakland,1202362,1144809,1133560,11249,57553,Michigan
17147,Piatt,16729,5410,0,5410,11319,Illinois
28095,Monroe,36989,11232,0,11232,25757,Mississippi
29065,Dent,15657,4921,0,4921,10736,Missouri
6087,Santa Cruz,262382,230793,230793,0,31589,California
27009,Benton,38451,23066,23066,0,15385,Minnesota
31127,Nemaha,7248,3474,0,3474,3774,Nebraska
37179,Union,201292,146361,146361,0,54931,NorthCarolina
18181,White,24643,7894,0,7894,16749,Indiana
39125,Paulding,19614,3550,0,3550,16064,Ohio
48497,Wise,59127,16492,0,16492,42635,Texas
27155,Traverse,3558,0,0,0,3558,Minnesota
18017,Cass,38966,21561,0,21561,17405,Indiana
48211,Hemphill,3807,2781,0,2781,1026,Texas
20179,Sheridan,2556,0,0,0,2556,Kansas
20027,Clay,8535,4307,0,4307,4228,Kansas
39069,Henry,28215,8724,0,8724,19491,Ohio
23023,Sagadahoc,35293,13526,0,13526,21767,Maine
40005,Atoka,14182,0,0,0,14182,Oklahoma
72115,Quebradillas Municipio,25919,23962,23962,0,1957,PuertoRico
72113,Ponce Municipio,166327,159000,158825,175,7327,PuertoRico
51093,Isle of Wight,35270,15030,4287,10743,20240,Virginia
72083,Las Mar?as Municipio,9881,3329,3329,0,6552,PuertoRico
48381,Randall,120725,103370,86470,16900,17355,Texas
41041,Lincoln,46034,28730,0,28730,17304,Oregon
72029,Can?vanas Municipio,47648,46563,46563,0,1085,PuertoRico
72147,Vieques Municipio,9301,8230,0,8230,1071,PuertoRico
22063,Livingston Parish,128026,75386,75386,0,52640,Louisiana
54051,Marshall,33107,16887,16887,0,16220,WestVirginia
5117,Prairie,8715,0,0,0,8715,Arkansas
48265,Kerr,49625,29228,0,29228,20397,Texas
54017,Doddridge,8202,0,0,0,8202,WestVirginia
39023,Clark,138333,105679,105679,0,32654,Ohio
12001,Alachua,247336,194917,187781,7136,52419,Florida
44001,Bristol,49875,49305,49305,0,570,RhodeIsland
26095,Luce,6631,3225,0,3225,3406,Michigan
53001,Adams,18728,11207,0,11207,7521,Washington
42081,Lycoming,116111,73990,56142,17848,42121,Pennsylvania
31073,Gosper,2044,0,0,0,2044,Nebraska
39061,Hamilton,802374,784466,771847,12619,17908,Ohio
21189,Owsley,4755,0,0,0,4755,Kentucky
31049,Deuel,1941,0,0,0,1941,Nebraska
72031,Carolina Municipio,176762,176472,176472,0,290,PuertoRico
35009,Curry,48376,41570,0,41570,6806,NewMexico
35011,De Baca,2022,0,0,0,2022,NewMexico
48411,San Saba,6131,3105,0,3105,3026,Texas
13109,Evans,11000,4259,0,4259,6741,Georgia
22087,St. Bernard Parish,35897,34370,34370,0,1527,Louisiana
48473,Waller,43205,16573,918,15655,26632,Texas
28053,Humphreys,9375,4702,0,4702,4673,Mississippi
37021,Buncombe,238318,180932,180932,0,57386,NorthCarolina
37097,Iredell,159437,98991,98991,0,60446,NorthCarolina
40039,Custer,27469,19139,0,19139,8330,Oklahoma
55091,Pepin,7469,0,0,0,7469,Wisconsin
31151,Saline,14200,6948,0,6948,7252,Nebraska
20163,Rooks,5181,0,0,0,5181,Kansas
22111,Union Parish,22721,3883,0,3883,18838,Louisiana
40081,Lincoln,34273,2704,0,2704,31569,Oklahoma
29063,DeKalb,12892,4847,0,4847,8045,Missouri
56029,Park,28205,15727,0,15727,12478,Wyoming
48427,Starr,60968,46515,0,46515,14453,Texas
56025,Natrona,75450,64548,64548,0,10902,Wyoming
26061,Houghton,36628,22777,0,22777,13851,Michigan
54107,Wood,86956,63674,59643,4031,23282,WestVirginia
18069,Huntington,37124,18207,0,18207,18917,Indiana
30051,Liberty,2339,0,0,0,2339,Montana
31159,Seward,16750,6636,0,6636,10114,Nebraska
12085,Martin,146318,133915,127412,6503,12403,Florida
35003,Catron,3725,0,0,0,3725,NewMexico
46105,Perkins,2982,0,0,0,2982,SouthDakota
50003,Bennington,37125,13175,0,13175,23950,Vermont
16067,Minidoka,20069,11194,0,11194,8875,Idaho
21201,Robertson,2282,0,0,0,2282,Kentucky
55121,Trempealeau,28816,2993,0,2993,25823,Wisconsin
27131,Rice,64142,47507,0,47507,16635,Minnesota
72019,Barranquitas Municipio,30318,29352,29352,0,966,PuertoRico
46053,Gregory,4271,0,0,0,4271,SouthDakota
6083,Santa Barbara,423895,402626,377637,24989,21269,California
42041,Cumberland,235406,183198,165909,17289,52208,Pennsylvania
25007,Dukes,16535,10082,0,10082,6453,Massachusetts
31131,Otoe,15740,7066,0,7066,8674,Nebraska
18099,Marshall,47051,17246,0,17246,29805,Indiana
48489,Willacy,22134,14481,0,14481,7653,Texas
41017,Deschutes,157733,114130,83794,30336,43603,Oregon
38025,Dunn,3536,0,0,0,3536,NorthDakota
31161,Sheridan,5469,0,0,0,5469,Nebraska
8021,Conejos,8256,0,0,0,8256,Colorado
16005,Bannock,82839,69809,69809,0,13030,Idaho
26085,Lake,11539,0,0,0,11539,Michigan
12019,Clay,190865,162295,157054,5241,28570,Florida
48201,Harris,4092459,4042806,4042806,0,49653,Texas
28139,Tippah,22232,3592,0,3592,18640,Mississippi
8101,Pueblo,159063,136550,136550,0,22513,Colorado
13031,Bulloch,70217,36314,0,36314,33903,Georgia
1105,Perry,10591,0,0,0,10591,Alabama
35029,Luna,25095,14903,0,14903,10192,NewMexico
48311,McMullen,707,0,0,0,707,Texas
48067,Cass,30464,7917,0,7917,22547,Texas
54071,Pendleton,7695,0,0,0,7695,WestVirginia
38045,LaMoure,4139,0,0,0,4139,NorthDakota
72065,Hatillo Municipio,41953,37407,37407,0,4546,PuertoRico
36117,Wayne,93772,36855,12166,24689,56917,NewYork
56017,Hot Springs,4812,3297,0,3297,1515,Wyoming
39081,Jefferson,69709,42535,42535,0,27174,Ohio
21211,Shelby,42074,22296,1675,20621,19778,Kentucky
51101,King William,15935,2675,0,2675,13260,Virginia
13145,Harris,32024,1062,166,896,30962,Georgia
39109,Miami,102506,70936,47105,23831,31570,Ohio
41071,Yamhill,99193,76772,0,76772,22421,Oregon
29087,Holt,4912,0,0,0,4912,Missouri
22109,Terrebonne Parish,111860,88785,88785,0,23075,Louisiana
16037,Custer,4368,0,0,0,4368,Idaho
18149,Starke,23363,4116,0,4116,19247,Indiana
40093,Major,7527,0,0,0,7527,Oklahoma
27113,Pennington,13930,8883,0,8883,5047,Minnesota
5111,Poinsett,24583,7095,0,7095,17488,Arkansas
72027,Camuy Municipio,35159,30415,30415,0,4744,PuertoRico
2185,North Slope Borough,9430,3835,0,3835,5595,Alaska
20209,Wyandotte,157505,147956,147956,0,9549,Kansas
34027,Morris,492276,458952,448928,10024,33324,NewJersey
13225,Peach,27695,17109,6504,10605,10586,Georgia
72107,Orocovis Municipio,23423,15016,15016,0,8407,PuertoRico
21077,Gallatin,8589,0,0,0,8589,Kentucky
19145,Page,15932,10618,0,10618,5314,Iowa
41057,Tillamook,25250,7675,0,7675,17575,Oregon
31041,Custer,10939,3537,0,3537,7402,Nebraska
12099,Palm Beach,1320134,1306371,1263360,43011,13763,Florida
40097,Mayes,41259,9325,0,9325,31934,Oklahoma
40049,Garvin,27576,8631,0,8631,18945,Oklahoma
21001,Adair,18656,4579,0,4579,14077,Kentucky
27057,Hubbard,20428,3398,0,3398,17030,Minnesota
19155,Pottawattamie,93158,68546,68546,0,24612,Iowa
20033,Comanche,1891,0,0,0,1891,Kansas
39019,Carroll,28836,8376,0,8376,20460,Ohio
45039,Fairfield,23956,5195,54,5141,18761,SouthCarolina
72099,Moca Municipio,40109,35072,35072,0,5037,PuertoRico
1019,Cherokee,25989,3707,0,3707,22282,Alabama
19081,Hancock,11341,3400,0,3400,7941,Iowa
20189,Stevens,5724,3936,0,3936,1788,Kansas
42127,Wayne,52822,6289,440,5849,46533,Pennsylvania
28017,Chickasaw,17392,2557,0,2557,14835,Mississippi
5061,Howard,13789,4479,0,4479,9310,Arkansas
36007,Broome,200600,148330,148330,0,52270,NewYork
48471,Walker,67861,36928,0,36928,30933,Texas
26063,Huron,33118,3490,0,3490,29628,Michigan
28131,Stone,17786,3768,0,3768,14018,Mississippi
37017,Bladen,35190,3085,0,3085,32105,NorthCarolina
37155,Robeson,134168,50161,505,49656,84007,NorthCarolina
21131,Leslie,11310,0,0,0,11310,Kentucky
42063,Indiana,88880,35490,0,35490,53390,Pennsylvania
51678,Lexington city,7042,7042,0,7042,0,Virginia
24031,Montgomery,971777,948612,943992,4620,23165,Maryland
40021,Cherokee,46987,18772,0,18772,28215,Oklahoma
55067,Langlade,19977,8158,0,8158,11819,Wisconsin
13009,Baldwin,45720,29654,0,29654,16066,Georgia
8077,Mesa,146723,128124,128124,0,18599,Colorado
5113,Polk,20662,5499,0,5499,15163,Arkansas
5057,Hempstead,22609,10000,0,10000,12609,Arkansas
42103,Pike,57369,16774,0,16774,40595,Pennsylvania
41035,Klamath,66380,41434,0,41434,24946,Oregon
21055,Crittenden,9315,2718,0,2718,6597,Kentucky
72017,Barceloneta Municipio,24816,24308,24308,0,508,PuertoRico
51620,Franklin city,8582,8303,0,8303,279,Virginia
21049,Clark,35613,25831,0,25831,9782,Kentucky
26065,Ingham,280895,243799,237482,6317,37096,Michigan
1053,Escambia,38319,13982,0,13982,24337,Alabama
19177,Van Buren,7570,0,0,0,7570,Iowa
48203,Harrison,65631,28842,3205,25637,36789,Texas
48419,Shelby,25448,5234,0,5234,20214,Texas
26107,Mecosta,42798,14241,0,14241,28557,Michigan
35049,Santa Fe,144170,107896,89284,18612,36274,NewMexico
24009,Calvert,88737,54387,18531,35856,34350,Maryland
1103,Morgan,119490,73370,70364,3006,46120,Alabama
9005,Litchfield,189927,111205,65861,45344,78722,Connecticut
47185,White,25841,5640,0,5640,20201,Tennessee
18009,Blackford,12766,6305,0,6305,6461,Indiana
40027,Cleveland,255755,212574,210515,2059,43181,Oklahoma
17139,Moultrie,14846,4567,0,4567,10279,Illinois
53045,Mason,60699,22036,0,22036,38663,Washington
27133,Rock,9687,4620,0,4620,5067,Minnesota
16059,Lemhi,7936,3084,0,3084,4852,Idaho
18077,Jefferson,32428,17804,0,17804,14624,Indiana
48161,Freestone,19816,6643,0,6643,13173,Texas
36061,New York,1585873,1585873,1585873,0,0,NewYork
48341,Moore,21904,18221,0,18221,3683,Texas
49003,Box Elder,49975,34433,24543,9890,15542,Utah
29043,Christian,77422,42740,42740,0,34682,Missouri
47045,Dyer,38335,21903,0,21903,16432,Tennessee
37189,Watauga,51079,22763,0,22763,28316,NorthCarolina
48371,Pecos,15507,9339,0,9339,6168,Texas
17135,Montgomery,30104,17574,0,17574,12530,Illinois
20045,Douglas,110826,98621,88053,10568,12205,Kansas
22011,Beauregard Parish,35654,11946,0,11946,23708,Louisiana
21207,Russell,17565,0,0,0,17565,Kentucky
51680,Lynchburg city,75568,73534,73534,0,2034,Virginia
49037,San Juan,14746,3264,0,3264,11482,Utah
17073,Henry,50486,25104,5716,19388,25382,Illinois
22055,Lafayette Parish,221578,203146,203146,0,18432,Louisiana
28129,Smith,16491,0,0,0,16491,Mississippi
49035,Salt Lake,1029655,1020354,1020354,0,9301,Utah
42113,Sullivan,6428,0,0,0,6428,Pennsylvania
8107,Routt,23509,12888,0,12888,10621,Colorado
48309,McLennan,234906,180051,172378,7673,54855,Texas
50007,Chittenden,156545,115865,108740,7125,40680,Vermont
17043,DuPage,916924,916488,916488,0,436,Illinois
31057,Dundy,2008,0,0,0,2008,Nebraska
16081,Teton,10170,0,0,0,10170,Idaho
48073,Cherokee,50845,18788,9,18779,32057,Texas
48315,Marion,10546,0,0,0,10546,Texas
25009,Essex,743159,711619,711619,0,31540,Massachusetts
1065,Hale,15760,1707,0,1707,14053,Alabama
2180,Nome Census Area,9492,3222,0,3222,6270,Alaska
38001,Adams,2343,0,0,0,2343,NorthDakota
47125,Montgomery,172331,138309,138309,0,34022,Tennessee
13283,Treutlen,6885,2832,0,2832,4053,Georgia
28057,Itawamba,23401,3217,0,3217,20184,Mississippi
17037,DeKalb,105160,83807,75753,8054,21353,Illinois
28151,Washington,51137,42176,0,42176,8961,Mississippi
21075,Fulton,6813,2423,0,2423,4390,Kentucky
46065,Hughes,17022,12720,0,12720,4302,SouthDakota
30105,Valley,7369,3301,0,3301,4068,Montana
19013,Black Hawk,131090,113418,113418,0,17672,Iowa
37139,Pasquotank,40661,23860,0,23860,16801,NorthCarolina
46029,Codington,27227,21111,0,21111,6116,SouthDakota
31183,Wheeler,818,0,0,0,818,Nebraska
38027,Eddy,2385,0,0,0,2385,NorthDakota
72135,Toa Alta Municipio,74066,74066,74066,0,0,PuertoRico
12133,Washington,24896,3846,0,3846,21050,Florida
56015,Goshen,13249,7155,0,7155,6094,Wyoming
45057,Lancaster,76652,38361,14382,23979,38291,SouthCarolina
72043,Coamo Municipio,40512,32869,1482,31387,7643,PuertoRico
29011,Barton,12402,4470,0,4470,7932,Missouri
27109,Olmsted,144248,120313,107677,12636,23935,Minnesota
35017,Grant,29514,17014,0,17014,12500,NewMexico
27011,Big Stone,5269,0,0,0,5269,Minnesota
55089,Ozaukee,86395,64894,64894,0,21501,Wisconsin
13001,Appling,18236,5208,0,5208,13028,Georgia
47175,Van Buren,5548,0,0,0,5548,Tennessee
5133,Sevier,17058,6209,0,6209,10849,Arkansas
6063,Plumas,20007,5197,0,5197,14810,California
48057,Calhoun,21381,11817,0,11817,9564,Texas
23005,Cumberland,281674,179994,164361,15633,101680,Maine
48115,Dawson,13833,11579,0,11579,2254,Texas
12003,Baker,27115,10984,0,10984,16131,Florida
29510,St. Louis city,319294,319293,319293,0,1,Missouri
17107,Logan,30305,18224,0,18224,12081,Illinois
28081,Lee,82910,45298,0,45298,37612,Mississippi
36027,Dutchess,297488,221928,212235,9693,75560,NewYork
45033,Dillon,32062,9777,0,9777,22285,SouthCarolina
19069,Franklin,10680,4246,0,4246,6434,Iowa
17053,Ford,14081,8198,0,8198,5883,Illinois
13005,Bacon,11096,3408,0,3408,7688,Georgia
18085,Kosciusko,77358,41311,0,41311,36047,Indiana
9015,Windham,118428,59497,32928,26569,58931,Connecticut
5055,Greene,42090,24620,0,24620,17470,Arkansas
19047,Crawford,17096,8240,0,8240,8856,Iowa
26099,Macomb,840978,817386,811250,6136,23592,Michigan
20069,Gray,6006,0,0,0,6006,Kansas
21191,Pendleton,14877,0,0,0,14877,Kentucky
17187,Warren,17707,9654,0,9654,8053,Illinois
37027,Caldwell,83029,54444,54444,0,28585,NorthCarolina
18171,Warren,8508,1948,0,1948,6560,Indiana
13271,Telfair,16500,8747,0,8747,7753,Georgia
50017,Orange,28936,799,0,799,28137,Vermont
16069,Nez Perce,39265,31740,31740,0,7525,Idaho
55037,Florence,4423,0,0,0,4423,Wisconsin
36103,Suffolk,1493350,1454506,1429373,25133,38844,NewYork
39147,Seneca,56745,29786,0,29786,26959,Ohio
13043,Candler,10998,3633,0,3633,7365,Georgia
46083,Lincoln,44828,31709,22175,9534,13119,SouthDakota
42057,Fulton,14845,0,0,0,14845,Pennsylvania
29219,Warren,32513,12017,0,12017,20496,Missouri
51031,Campbell,54842,21326,17747,3579,33516,Virginia
53005,Benton,175177,156659,145575,11084,18518,Washington
31069,Garden,2057,0,0,0,2057,Nebraska
35015,Eddy,53829,42603,0,42603,11226,NewMexico
19037,Chickasaw,12439,3292,0,3292,9147,Iowa
17049,Effingham,34242,13800,0,13800,20442,Illinois
25023,Plymouth,494919,443904,443904,0,51015,Massachusetts
55027,Dodge,88759,45585,0,45585,43174,Wisconsin
46069,Hyde,1420,0,0,0,1420,SouthDakota
13299,Ware,36312,25621,0,25621,10691,Georgia
37119,Mecklenburg,919628,909830,909830,0,9798,NorthCarolina
51143,Pittsylvania,63506,9126,0,9126,54380,Virginia
31147,Richardson,8363,4133,0,4133,4230,Nebraska
20207,Woodson,3309,0,0,0,3309,Kansas
51095,James City,67009,56387,56387,0,10622,Virginia
5067,Jackson,17997,6288,0,6288,11709,Arkansas
17183,Vermilion,81625,56112,50996,5116,25513,Illinois
13289,Twiggs,9023,0,0,0,9023,Georgia
30027,Fergus,11586,6090,0,6090,5496,Montana
47143,Rhea,31809,10174,0,10174,21635,Tennessee
48225,Houston,23732,6292,0,6292,17440,Texas
46007,Bennett,3431,0,0,0,3431,SouthDakota
19091,Humboldt,9815,5243,0,5243,4572,Iowa
21087,Green,11258,0,0,0,11258,Kentucky
48425,Somervell,8490,0,0,0,8490,Texas
54027,Hampshire,23964,0,0,0,23964,WestVirginia
55033,Dunn,43857,17844,0,17844,26013,Wisconsin
40105,Nowata,10536,4432,0,4432,6104,Oklahoma
21013,Bell,28691,10765,0,10765,17926,Kentucky
27107,Norman,6852,0,0,0,6852,Minnesota
5013,Calhoun,5368,0,0,0,5368,Arkansas
51683,Manassas city,37821,37821,37821,0,0,Virginia
13199,Meriwether,21992,3676,0,3676,18316,Georgia
26001,Alcona,10942,118,0,118,10824,Michigan
19129,Mills,15059,6088,0,6088,8971,Iowa
51133,Northumberland,12330,0,0,0,12330,Virginia
22041,Franklin Parish,20767,5361,0,5361,15406,Louisiana
37071,Gaston,206086,165595,158926,6669,40491,NorthCarolina
21127,Lawrence,15860,3631,0,3631,12229,Kentucky
17155,Putnam,6006,0,0,0,6006,Illinois
13211,Morgan,17868,4401,0,4401,13467,Georgia
48429,Stephens,9630,5839,0,5839,3791,Texas
51049,Cumberland,10052,402,0,402,9650,Virginia
28141,Tishomingo,19593,0,0,0,19593,Mississippi
18151,Steuben,34185,11196,0,11196,22989,Indiana
2020,Anchorage Municipality,291826,279811,251243,28568,12015,Alaska
35039,Rio Arriba,40246,20218,0,20218,20028,NewMexico
26119,Montmorency,9765,0,0,0,9765,Michigan
42087,Mifflin,46682,23123,0,23123,23559,Pennsylvania
26075,Jackson,160248,93227,90057,3170,67021,Michigan
29195,Saline,23370,12665,0,12665,10705,Missouri
18073,Jasper,33478,10700,0,10700,22778,Indiana
31071,Garfield,2049,0,0,0,2049,Nebraska
8083,Montezuma,25535,8380,0,8380,17155,Colorado
30035,Glacier,13399,7502,0,7502,5897,Montana
17185,Wabash,11947,7300,0,7300,4647,Illinois
13119,Franklin,22084,2445,0,2445,19639,Georgia
18177,Wayne,68917,46140,0,46140,22777,Indiana
24029,Kent,20197,5537,0,5537,14660,Maryland
48259,Kendall,33410,13979,1277,12702,19431,Texas
30075,Powder River,1743,0,0,0,1743,Montana
28105,Oktibbeha,47671,30307,0,30307,17364,Mississippi
12117,Seminole,422718,409370,409370,0,13348,Florida
49025,Kane,7125,3212,0,3212,3913,Utah
55099,Price,14159,0,0,0,14159,Wisconsin
31129,Nuckolls,4500,0,0,0,4500,Nebraska
16075,Payette,22623,12970,0,12970,9653,Idaho
38041,Hettinger,2477,0,0,0,2477,NorthDakota
19105,Jones,20638,8677,0,8677,11961,Iowa
21135,Lewis,13870,0,0,0,13870,Kentucky
42049,Erie,280566,224398,196611,27787,56168,Pennsylvania
34001,Atlantic,274549,239644,226566,13078,34905,NewJersey
18037,Dubois,41889,21260,0,21260,20629,Indiana
15005,Kalawao,90,0,0,0,90,Hawaii
28011,Bolivar,34145,15722,0,15722,18423,Mississippi
48451,Tom Green,110224,92984,92984,0,17240,Texas
41025,Harney,7422,4131,0,4131,3291,Oregon
54081,Raleigh,78859,47900,47885,15,30959,WestVirginia
35005,Chaves,65645,49727,0,49727,15918,NewMexico
17189,Washington,14716,3878,0,3878,10838,Illinois
39107,Mercer,40814,15771,0,15771,25043,Ohio
31031,Cherry,5713,2713,0,2713,3000,Nebraska
12051,Hendry,39140,24309,0,24309,14831,Florida
29147,Nodaway,23370,13220,0,13220,10150,Missouri
39007,Ashtabula,101497,54434,114,54320,47063,Ohio
45083,Spartanburg,284307,206315,197210,9105,77992,SouthCarolina
22097,St. Landry Parish,83384,43216,419,42797,40168,Louisiana
40031,Comanche,124098,97057,94457,2600,27041,Oklahoma
31035,Clay,6542,0,0,0,6542,Nebraska
21107,Hopkins,46920,24809,0,24809,22111,Kentucky
42009,Bedford,49762,8064,31,8033,41698,Pennsylvania
18127,Porter,164343,130237,123936,6301,34106,Indiana
21031,Butler,12690,0,0,0,12690,Kentucky
21119,Knott,16346,0,0,0,16346,Kentucky
12125,Union,15535,5057,0,5057,10478,Florida
27049,Goodhue,46183,24457,0,24457,21726,Minnesota
13185,Lowndes,109233,79517,76150,3367,29716,Georgia
33019,Sullivan,43742,15676,0,15676,28066,NewHampshire
19137,Montgomery,10740,5597,0,5597,5143,Iowa
48297,Live Oak,11531,0,0,0,11531,Texas
53055,San Juan,15769,0,0,0,15769,Washington
19073,Greene,9336,3906,0,3906,5430,Iowa
20195,Trego,3001,0,0,0,3001,Kansas
28097,Montgomery,10925,4388,0,4388,6537,Mississippi
36087,Rockland,311687,309451,309451,0,2236,NewYork
18119,Owen,21575,0,0,0,21575,Indiana
42129,Westmoreland,365169,272549,268670,3879,92620,Pennsylvania
6093,Siskiyou,44900,15344,0,15344,29556,California
37031,Carteret,66469,44798,0,44798,21671,NorthCarolina
51105,Lee,25587,112,0,112,25475,Virginia
45001,Abbeville,25417,5445,0,5445,19972,SouthCarolina
37089,Henderson,106740,71227,71227,0,35513,NorthCarolina
20129,Morton,3233,0,0,0,3233,Kansas
54079,Putnam,55486,35631,35631,0,19855,WestVirginia
36091,Saratoga,219607,153809,150711,3098,65798,NewYork
29115,Linn,12761,4281,0,4281,8480,Missouri
20117,Marshall,10117,2937,0,2937,7180,Kansas
28041,Greene,14400,0,0,0,14400,Mississippi
54103,Wetzel,16583,7652,0,7652,8931,WestVirginia
55047,Green Lake,19051,4891,0,4891,14160,Wisconsin
54043,Lincoln,21720,0,0,0,21720,WestVirginia
1021,Chilton,43643,5785,0,5785,37858,Alabama
5109,Pike,11291,0,0,0,11291,Arkansas
37147,Pitt,168148,125378,117798,7580,42770,NorthCarolina
48013,Atascosa,44911,17645,0,17645,27266,Texas
72007,Aguas Buenas Municipio,28659,25638,25638,0,3021,PuertoRico
54009,Brooke,24069,13929,13929,0,10140,WestVirginia
18087,LaGrange,37128,3113,0,3113,34015,Indiana
19109,Kossuth,15543,5340,0,5340,10203,Iowa
31097,Johnson,5217,0,0,0,5217,Nebraska
31143,Polk,5406,0,0,0,5406,Nebraska
1075,Lamar,14564,0,0,0,14564,Alabama
18101,Martin,10334,2864,0,2864,7470,Indiana
48031,Blanco,10497,0,0,0,10497,Texas
45019,Charleston,350209,312103,312103,0,38106,SouthCarolina
20203,Wichita,2234,0,0,0,2234,Kansas
51760,Richmond city,204214,204214,204214,0,0,Virginia
8059,Jefferson,534543,497679,484123,13556,36864,Colorado
44003,Kent,166158,152888,152888,0,13270,RhodeIsland
41037,Lake,7895,2895,0,2895,5000,Oregon
40033,Cotton,6193,2506,0,2506,3687,Oklahoma
46079,Lake,11200,6174,0,6174,5026,SouthDakota
20019,Chautauqua,3669,0,0,0,3669,Kansas
12055,Highlands,98786,77976,61625,16351,20810,Florida
48081,Coke,3320,0,0,0,3320,Texas
48101,Cottle,1505,0,0,0,1505,Texas
48107,Crosby,6059,0,0,0,6059,Texas
19093,Ida,7089,0,0,0,7089,Iowa
32001,Churchill,24877,16241,0,16241,8636,Nevada
12049,Hardee,27731,14473,0,14473,13258,Florida
20009,Barton,27674,18886,0,18886,8788,Kansas
23021,Piscataquis,17535,0,0,0,17535,Maine
48111,Dallam,6703,5125,0,5125,1578,Texas
20205,Wilson,9409,2570,0,2570,6839,Kansas
1059,Franklin,31704,9395,0,9395,22309,Alabama
37035,Catawba,154358,107595,101101,6494,46763,NorthCarolina
22107,Tensas Parish,5252,0,0,0,5252,Louisiana
48123,DeWitt,20097,10124,0,10124,9973,Texas
22073,Ouachita Parish,153720,116533,116533,0,37187,Louisiana
6053,Monterey,415057,374315,306096,68219,40742,California
12033,Escambia,297619,272910,270140,2770,24709,Florida
12057,Hillsborough,1229226,1186045,1186045,0,43181,Florida
29059,Dallas,16777,3031,0,3031,13746,Missouri
20093,Kearny,3977,0,0,0,3977,Kansas
18065,Henry,49462,28265,0,28265,21197,Indiana
4012,La Paz,20489,8948,0,8948,11541,Arizona
21045,Casey,15955,0,0,0,15955,Kentucky
40137,Stephens,45048,25531,0,25531,19517,Oklahoma
17083,Jersey,22985,9063,74,8989,13922,Illinois
28007,Attala,19564,6983,0,6983,12581,Mississippi
26087,Lapeer,88319,20006,71,19935,68313,Michigan
53041,Lewis,75455,29688,0,29688,45767,Washington
55015,Calumet,48971,35487,25449,10038,13484,Wisconsin
29071,Franklin,101492,45064,0,45064,56428,Missouri
48499,Wood,41964,10827,0,10827,31137,Texas
8075,Logan,22709,16088,0,16088,6621,Colorado
28073,Lamar,55658,27631,27631,0,28027,Mississippi
1001,Autauga,54571,31650,31650,0,22921,Alabama
6035,Lassen,34895,10285,0,10285,24610,California
23019,Penobscot,153923,65186,61210,3976,88737,Maine
5137,Stone,12394,0,0,0,12394,Arkansas
51193,Westmoreland,17454,3693,0,3693,13761,Virginia
37191,Wayne,122623,65721,61054,4667,56902,NorthCarolina
39003,Allen,106331,78801,70739,8062,27530,Ohio
27121,Pope,10995,0,0,0,10995,Minnesota
41069,Wheeler,1441,0,0,0,1441,Oregon
42011,Berks,411442,313782,301390,12392,97660,Pennsylvania
1025,Clarke,25833,6205,0,6205,19628,Alabama
29211,Sullivan,6714,0,0,0,6714,Missouri
39105,Meigs,23770,4446,0,4446,19324,Ohio
20143,Ottawa,6091,0,0,0,6091,Kansas
46109,Roberts,10149,0,0,0,10149,SouthDakota
29177,Ray,23494,5822,0,5822,17672,Missouri
48093,Comanche,13974,3988,0,3988,9986,Texas
19147,Palo Alto,9421,3628,0,3628,5793,Iowa
40139,Texas,20640,11338,0,11338,9302,Oklahoma
20147,Phillips,5642,2609,0,2609,3033,Kansas
41061,Union,25748,14909,0,14909,10839,Oregon
30069,Petroleum,494,0,0,0,494,Montana
6089,Shasta,177223,125321,117731,7590,51902,California
48461,Upton,3355,0,0,0,3355,Texas
41065,Wasco,25213,16876,0,16876,8337,Oregon
5011,Bradley,11508,5801,0,5801,5707,Arkansas
12093,Okeechobee,39996,25378,0,25378,14618,Florida
22023,Cameron Parish,6839,0,0,0,6839,Louisiana
30111,Yellowstone,147972,123278,114773,8505,24694,Montana
26093,Livingston,180967,114181,110387,3794,66786,Michigan
6023,Humboldt,134623,94561,0,94561,40062,California
21021,Boyle,28432,18532,0,18532,9900,Kentucky
40029,Coal,5925,0,0,0,5925,Oklahoma
28159,Winston,19198,4624,0,4624,14574,Mississippi
32003,Clark,1951269,1925784,1886011,39773,25485,Nevada
29107,Lafayette,33381,14371,44,14327,19010,Missouri
5073,Lafayette,7645,0,0,0,7645,Arkansas
55023,Crawford,16644,6255,0,6255,10389,Wisconsin
38049,McHenry,5395,0,0,0,5395,NorthDakota
37153,Richmond,46639,25404,0,25404,21235,NorthCarolina
39115,Morgan,15054,2787,0,2787,12267,Ohio
13011,Banks,18395,1135,0,1135,17260,Georgia
48151,Fisher,3974,0,0,0,3974,Texas
6113,Yolo,200849,186931,176572,10359,13918,California
17127,Massac,15429,7636,0,7636,7793,Illinois
39075,Holmes,42366,2968,0,2968,39398,Ohio
47153,Sequatchie,14112,3697,6,3691,10415,Tennessee
22009,Avoyelles Parish,42073,15238,0,15238,26835,Louisiana
30045,Judith Basin,2072,0,0,0,2072,Montana
36093,Schenectady,154727,142107,142107,0,12620,NewYork
40077,Latimer,11154,2979,0,2979,8175,Oklahoma
27089,Marshall,9439,0,0,0,9439,Minnesota
47035,Cumberland,56053,21921,0,21921,34132,Tennessee
20133,Neosho,16512,9059,0,9059,7453,Kansas
37081,Guilford,488406,426406,426406,0,62000,NorthCarolina
13321,Worth,21679,6685,0,6685,14994,Georgia
5093,Mississippi,46480,29623,0,29623,16857,Arkansas
13037,Calhoun,6694,0,0,0,6694,Georgia
37037,Chatham,63505,21641,6513,15128,41864,NorthCarolina
28049,Hinds,245285,207814,204636,3178,37471,Mississippi
48069,Castro,8062,4373,0,4373,3689,Texas
22037,East Feliciana Parish,20267,0,0,0,20267,Louisiana
51091,Highland,2321,0,0,0,2321,Virginia
21219,Todd,12460,0,0,0,12460,Kentucky
27061,Itasca,45058,9285,0,9285,35773,Minnesota
5041,Desha,13008,8921,0,8921,4087,Arkansas
13261,Sumter,32819,19106,0,19106,13713,Georgia
5029,Conway,21273,6272,0,6272,15001,Arkansas
42055,Franklin,149618,89244,60390,28854,60374,Pennsylvania
72059,Guayanilla Municipio,21581,18967,18967,0,2614,PuertoRico
28133,Sunflower,29450,15973,0,15973,13477,Mississippi
25019,Nantucket,10172,8250,0,8250,1922,Massachusetts
28143,Tunica,10778,3662,0,3662,7116,Mississippi
37159,Rowan,138428,84687,84687,0,53741,NorthCarolina
29141,Morgan,20565,0,0,0,20565,Missouri
37197,Yadkin,38406,5885,0,5885,32521,NorthCarolina
48417,Shackelford,3378,0,0,0,3378,Texas
46017,Buffalo,1912,0,0,0,1912,SouthDakota
12121,Suwannee,41551,6994,0,6994,34557,Florida
48483,Wheeler,5410,0,0,0,5410,Texas
41033,Josephine,82713,45522,45522,0,37191,Oregon
48143,Erath,37890,20339,0,20339,17551,Texas
48403,Sabine,10834,0,0,0,10834,Texas
6001,Alameda,1510271,1504402,1504402,0,5869,California
38005,Benson,6660,0,0,0,6660,NorthDakota
17087,Johnson,12582,0,0,0,12582,Illinois
35059,Union,4549,0,0,0,4549,NewMexico
17167,Sangamon,197465,169570,161316,8254,27895,Illinois
54073,Pleasants,7605,3463,0,3463,4142,WestVirginia
72051,Dorado Municipio,38165,38156,38156,0,9,PuertoRico
17175,Stark,5994,0,0,0,5994,Illinois
28051,Holmes,19198,2525,0,2525,16673,Mississippi
47003,Bedford,45058,20005,0,20005,25053,Tennessee
20099,Labette,21607,10298,0,10298,11309,Kansas
22013,Bienville Parish,14353,2894,0,2894,11459,Louisiana
22085,Sabine Parish,24233,2860,0,2860,21373,Louisiana
31133,Pawnee,2773,0,0,0,2773,Nebraska
48365,Panola,23796,6492,0,6492,17304,Texas
48459,Upshur,39309,8137,3159,4978,31172,Texas
29091,Howell,40400,11242,0,11242,29158,Missouri
48209,Hays,157107,107285,98522,8763,49822,Texas
28033,DeSoto,161252,128310,128310,0,32942,Mississippi
48083,Coleman,8895,4310,0,4310,4585,Texas
51119,Middlesex,10959,0,0,0,10959,Virginia
37149,Polk,20510,1585,0,1585,18925,NorthCarolina
51610,Falls Church city,12332,12332,12332,0,0,Virginia
12119,Sumter,93420,60756,53891,6865,32664,Florida
72143,Vega Alta Municipio,39951,39251,39251,0,700,PuertoRico
2170,Matanuska-Susitna Borough,88995,44236,0,44236,44759,Alaska
17177,Stephenson,47711,28582,0,28582,19129,Illinois
18035,Delaware,117671,90828,90828,0,26843,Indiana
39051,Fulton,42698,18719,3608,15111,23979,Ohio
17063,Grundy,50063,37860,12325,25535,12203,Illinois
42093,Montour,18267,8445,8445,0,9822,Pennsylvania
51165,Rockingham,76314,31035,17870,13165,45279,Virginia
42107,Schuylkill,148289,94221,3746,90475,54068,Pennsylvania
2150,Kodiak Island Borough,13592,9335,0,9335,4257,Alaska
20061,Geary,34362,30351,0,30351,4011,Kansas
8105,Rio Grande,11982,4489,0,4489,7493,Colorado
21041,Carroll,10811,5165,0,5165,5646,Kentucky
20003,Anderson,8102,3336,0,3336,4766,Kansas
21185,Oldham,60316,48055,48055,0,12261,Kentucky
51007,Amelia,12690,0,0,0,12690,Virginia
47099,Lawrence,41869,10100,0,10100,31769,Tennessee
31153,Sarpy,158840,150463,150463,0,8377,Nebraska
72057,Guayama Municipio,45362,41223,41223,0,4139,PuertoRico
13319,Wilkinson,9563,0,0,0,9563,Georgia
12043,Glades,12884,3783,0,3783,9101,Florida
51181,Surry,7058,0,0,0,7058,Virginia
8125,Yuma,10043,3524,0,3524,6519,Colorado
29095,Jackson,674158,648291,645257,3034,25867,Missouri
37075,Graham,8861,0,0,0,8861,NorthCarolina
19077,Guthrie,10954,0,0,0,10954,Iowa
38011,Bowman,3151,0,0,0,3151,NorthDakota
48467,Van Zandt,52579,13135,0,13135,39444,Texas
55103,Richland,18021,5021,0,5021,13000,Wisconsin
8029,Delta,30952,11399,0,11399,19553,Colorado
8123,Weld,252825,201097,145693,55404,51728,Colorado
35053,Socorro,17866,8991,0,8991,8875,NewMexico
40121,Pittsburg,45837,22040,0,22040,23797,Oklahoma
19157,Poweshiek,18914,9080,0,9080,9834,Iowa
29015,Benton,19056,2565,0,2565,16491,Missouri
18029,Dearborn,50047,23493,10225,13268,26554,Indiana
48373,Polk,45413,10155,0,10155,35258,Texas
1091,Marengo,21027,6452,0,6452,14575,Alabama
29213,Taney,51675,29010,0,29010,22665,Missouri
48435,Sutton,4128,3352,0,3352,776,Texas
56023,Lincoln,18106,3127,0,3127,14979,Wyoming
13193,Macon,14740,6900,0,6900,7840,Georgia
37051,Cumberland,319431,276729,276729,0,42702,NorthCarolina
40115,Ottawa,31848,16144,0,16144,15704,Oklahoma
27003,Anoka,330844,286178,279966,6212,44666,Minnesota
13095,Dougherty,94565,81364,81364,0,13201,Georgia
37199,Yancey,17818,0,0,0,17818,NorthCarolina
18095,Madison,131636,101243,91961,9282,30393,Indiana
37143,Perquimans,13453,0,0,0,13453,NorthCarolina
5143,Washington,203065,151294,148081,3213,51771,Arkansas
27051,Grant,6018,0,0,0,6018,Minnesota
51735,Poquoson city,12150,11360,11360,0,790,Virginia
27163,Washington,238136,203682,184560,19122,34454,Minnesota
20011,Bourbon,15173,7895,0,7895,7278,Kansas
46089,McPherson,2459,0,0,0,2459,SouthDakota
49039,Sanpete,27822,16435,0,16435,11387,Utah
28147,Walthall,15443,0,0,0,15443,Mississippi
29069,Dunklin,31953,15831,0,15831,16122,Missouri
48345,Motley,1210,0,0,0,1210,Texas
21217,Taylor,24512,11719,0,11719,12793,Kentucky
41059,Umatilla,75889,53831,8825,45006,22058,Oregon
28071,Lafayette,47351,25768,0,25768,21583,Mississippi
37061,Duplin,58505,7919,0,7919,50586,NorthCarolina
13295,Walker,68756,38604,31240,7364,30152,Georgia
53033,King,1931249,1869311,1848719,20592,61938,Washington
22017,Caddo Parish,254969,218164,215184,2980,36805,Louisiana
46123,Tripp,5644,2907,0,2907,2737,SouthDakota
48415,Scurry,16921,11557,0,11557,5364,Texas
27031,Cook,5176,0,0,0,5176,Minnesota
13027,Brooks,16243,4704,935,3769,11539,Georgia
19075,Grundy,12453,0,0,0,12453,Iowa
20105,Lincoln,3241,0,0,0,3241,Kansas
1113,Russell,52947,34199,34199,0,18748,Alabama
18089,Lake,496005,476323,466166,10157,19682,Indiana
21091,Hancock,8565,916,0,916,7649,Kentucky
13171,Lamar,18317,7167,0,7167,11150,Georgia
29037,Cass,99478,67245,49838,17407,32233,Missouri
21147,McCreary,18306,0,0,0,18306,Kentucky
26055,Grand Traverse,86986,45212,0,45212,41774,Michigan
27027,Clay,58999,42527,42527,0,16472,Minnesota
31037,Colfax,10515,6255,0,6255,4260,Nebraska
29077,Greene,275174,236656,230984,5672,38518,Missouri
40119,Payne,77350,51257,0,51257,26093,Oklahoma
24003,Anne Arundel,537656,509138,497677,11461,28518,Maryland
5089,Marion,16653,0,0,0,16653,Arkansas
56005,Campbell,46133,32721,0,32721,13412,Wyoming
51033,Caroline,28545,6165,0,6165,22380,Virginia
16079,Shoshone,12765,5612,0,5612,7153,Idaho
46023,Charles Mix,9129,0,0,0,9129,SouthDakota
31059,Fillmore,5890,0,0,0,5890,Nebraska
27005,Becker,32504,7973,0,7973,24531,Minnesota
47177,Warren,39839,15386,0,15386,24453,Tennessee
28003,Alcorn,37057,12469,0,12469,24588,Mississippi
47127,Moore,6362,8,0,8,6354,Tennessee
8049,Grand,14843,2583,0,2583,12260,Colorado
44005,Newport,82888,72865,72865,0,10023,RhodeIsland
31137,Phelps,9188,5340,0,5340,3848,Nebraska
72117,Rinc?n Municipio,15200,15200,15200,0,0,PuertoRico
19121,Madison,15679,5043,0,5043,10636,Iowa
48465,Val Verde,48879,43914,0,43914,4965,Texas
47081,Hickman,24690,0,0,0,24690,Tennessee
72061,Guaynabo Municipio,97924,97911,97911,0,13,PuertoRico
37033,Caswell,23719,191,0,191,23528,NorthCarolina
39045,Fairfield,146156,95422,49362,46060,50734,Ohio
48011,Armstrong,1901,0,0,0,1901,Texas
39137,Putnam,34499,5292,0,5292,29207,Ohio
48221,Hood,51182,34371,0,34371,16811,Texas
13123,Gilmer,28292,3496,0,3496,24796,Georgia
28099,Neshoba,29676,7759,0,7759,21917,Mississippi
6051,Mono,14202,7693,0,7693,6509,California
12059,Holmes,19927,4230,0,4230,15697,Florida
28153,Wayne,20747,4224,0,4224,16523,Mississippi
34031,Passaic,501226,489146,484040,5106,12080,NewJersey
23031,York,197131,85075,63251,21824,112056,Maine
2110,Juneau City and Borough,31275,24537,0,24537,6738,Alaska
19167,Sioux,33704,16574,0,16574,17130,Iowa
21215,Spencer,17061,0,0,0,17061,Kentucky
27055,Houston,19027,8107,5358,2749,10920,Minnesota
20151,Pratt,9656,6546,0,6546,3110,Kansas
41013,Crook,20978,10905,0,10905,10073,Oregon
53013,Columbia,4078,2681,0,2681,1397,Washington
46091,Marshall,4656,0,0,0,4656,SouthDakota
32510,Carson City,55274,52599,52599,0,2675,Nevada
37185,Warren,20972,0,0,0,20972,NorthCarolina
30005,Blaine,6491,0,0,0,6491,Montana
37003,Alexander,37198,10126,4738,5388,27072,NorthCarolina
19063,Emmet,10302,6192,0,6192,4110,Iowa
42073,Lawrence,91108,54375,434,53941,36733,Pennsylvania
36037,Genesee,60079,24100,0,24100,35979,NewYork
27053,Hennepin,1152425,1126784,1126203,581,25641,Minnesota
25015,Hampshire,158080,114697,107824,6873,43383,Massachusetts
12053,Hernando,172778,139302,136347,2955,33476,Florida
27071,Koochiching,13311,7055,0,7055,6256,Minnesota
23001,Androscoggin,107702,60995,59315,1680,46707,Maine
48055,Caldwell,38066,21967,4251,17716,16099,Texas
38043,Kidder,2435,0,0,0,2435,NorthDakota
19017,Bremer,24276,8621,0,8621,15655,Iowa
22039,Evangeline Parish,33984,13222,0,13222,20762,Louisiana
46047,Fall River,7094,3550,0,3550,3544,SouthDakota
1011,Bullock,10914,5307,0,5307,5607,Alabama
5125,Saline,107118,68384,64725,3659,38734,Arkansas
46059,Hand,3431,0,0,0,3431,SouthDakota
4003,Cochise,131346,83666,52745,30921,47680,Arizona
17011,Bureau,34978,14904,0,14904,20074,Illinois
29157,Perry,18971,8419,0,8419,10552,Missouri
42001,Adams,101407,46976,31255,15721,54431,Pennsylvania
21089,Greenup,36910,22409,19595,2814,14501,Kentucky
27151,Swift,9783,3191,0,3191,6592,Minnesota
17021,Christian,34800,19679,0,19679,15121,Illinois
12013,Calhoun,14625,4751,0,4751,9874,Florida
19051,Davis,8753,0,0,0,8753,Iowa
55131,Washington,131887,91286,91286,0,40601,Wisconsin
13189,McDuffie,21875,8540,0,8540,13335,Georgia
31149,Rock,1526,0,0,0,1526,Nebraska
18129,Posey,25910,8612,1601,7011,17298,Indiana
47067,Hancock,6819,0,0,0,6819,Tennessee
39135,Preble,42270,13009,0,13009,29261,Ohio
40095,Marshall,15840,4419,0,4419,11421,Oklahoma
42031,Clarion,39988,9373,0,9373,30615,Pennsylvania
48105,Crockett,3719,2873,0,2873,846,Texas
26019,Benzie,17525,0,0,0,17525,Michigan
46117,Stanley,2966,1705,0,1705,1261,SouthDakota
48369,Parmer,10269,4106,0,4106,6163,Texas
46137,Ziebach,2801,741,0,741,2060,SouthDakota
5131,Sebastian,125744,99574,90955,8619,26170,Arkansas
19127,Marshall,40648,26858,0,26858,13790,Iowa
48237,Jack,9044,4231,0,4231,4813,Texas
55031,Douglas,44159,27045,27045,0,17114,Wisconsin
48409,San Patricio,64804,52070,16888,35182,12734,Texas
29025,Caldwell,9424,0,0,0,9424,Missouri
40035,Craig,15029,6002,0,6002,9027,Oklahoma
55071,Manitowoc,81442,49792,0,49792,31650,Wisconsin
27153,Todd,24895,5380,0,5380,19515,Minnesota
45011,Barnwell,22621,3949,0,3949,18672,SouthCarolina
37135,Orange,133801,95625,95625,0,38176,NorthCarolina
19163,Scott,165224,142901,142901,0,22323,Iowa
20029,Cloud,9533,5340,0,5340,4193,Kansas
40107,Okfuskee,12191,3152,0,3152,9039,Oklahoma
36111,Ulster,182493,98473,88968,9505,84020,NewYork
1039,Covington,37765,11461,0,11461,26304,Alabama
29113,Lincoln,52566,13231,0,13231,39335,Missouri
39103,Medina,172332,120987,112803,8184,51345,Ohio
22117,Washington Parish,47168,15719,0,15719,31449,Louisiana
51001,Accomack,33164,0,0,0,33164,Virginia
19191,Winneshiek,21056,8637,0,8637,12419,Iowa
46061,Hanson,3331,0,0,0,3331,SouthDakota
41021,Gilliam,1871,0,0,0,1871,Oregon
8037,Eagle,52197,41766,0,41766,10431,Colorado
72125,San Germ?n Municipio,35527,32366,32366,0,3161,PuertoRico
31141,Platte,32237,22106,0,22106,10131,Nebraska
40129,Roger Mills,3647,0,0,0,3647,Oklahoma
31043,Dakota,21006,16576,16576,0,4430,Nebraska
46035,Davison,19504,14955,0,14955,4549,SouthDakota
1067,Henry,17302,2119,0,2119,15183,Alabama
48367,Parker,116927,51349,6934,44415,65578,Texas
46111,Sanborn,2355,0,0,0,2355,SouthDakota
49041,Sevier,20802,7340,0,7340,13462,Utah
1129,Washington,17581,0,0,0,17581,Alabama
36085,Richmond,468730,468730,468730,0,0,NewYork
18043,Floyd,74578,59418,59418,0,15160,Indiana
45049,Hampton,21090,4540,0,4540,16550,SouthCarolina
31033,Cheyenne,9998,6373,0,6373,3625,Nebraska
53069,Wahkiakum,3978,0,0,0,3978,Washington
13045,Carroll,110527,64299,21427,42872,46228,Georgia
13079,Crawford,12630,0,0,0,12630,Georgia
34025,Monmouth,630380,606870,606727,143,23510,NewJersey
26117,Montcalm,63342,9743,0,9743,53599,Michigan
17031,Cook,5194675,5192322,5192322,0,2353,Illinois
36073,Orleans,42883,16776,0,16776,26107,NewYork
17173,Shelby,22363,4980,0,4980,17383,Illinois
53037,Kittitas,40915,24526,0,24526,16389,Washington
47043,Dickson,49666,16016,0,16016,33650,Tennessee
26091,Lenawee,99892,48126,0,48126,51766,Michigan
21143,Lyon,8314,0,0,0,8314,Kentucky
30011,Carter,1160,0,0,0,1160,Montana
47039,Decatur,11757,0,0,0,11757,Tennessee
48071,Chambers,35096,19050,12739,6311,16046,Texas
21169,Metcalfe,10099,0,0,0,10099,Kentucky
72095,Maunabo Municipio,12225,9277,46,9231,2948,PuertoRico
9011,New London,274055,203326,188041,15285,70729,Connecticut
55095,Polk,44205,6425,0,6425,37780,Wisconsin
13177,Lee,28298,18046,14415,3631,10252,Georgia
1071,Jackson,53227,12233,0,12233,40994,Alabama
48149,Fayette,24554,8069,0,8069,16485,Texas
48447,Throckmorton,1641,0,0,0,1641,Texas
46075,Jones,1006,0,0,0,1006,SouthDakota
19133,Monona,9243,2662,0,2662,6581,Iowa
21177,Muhlenberg,31499,9943,0,9943,21556,Kentucky
17057,Fulton,37069,14818,0,14818,22251,Illinois
18031,Decatur,25740,11893,0,11893,13847,Indiana
50001,Addison,36821,7942,0,7942,28879,Vermont
47109,McNairy,26075,3840,0,3840,22235,Tennessee
6003,Alpine,1175,0,0,0,1175,California
72111,Pe?uelas Municipio,24282,20308,20308,0,3974,PuertoRico
36055,Monroe,744344,696334,673458,22876,48010,NewYork
18061,Harrison,39364,5571,65,5506,33793,Indiana
29155,Pemiscot,18296,9282,0,9282,9014,Missouri
48175,Goliad,7210,0,0,0,7210,Texas
48391,Refugio,7383,2903,0,2903,4480,Texas
38087,Slope,727,0,0,0,727,NorthDakota
39043,Erie,77079,56670,6454,50216,20409,Ohio
48491,Williamson,422679,372000,355612,16388,50679,Texas
51775,Salem city,24802,24802,24802,0,0,Virginia
48191,Hall,3353,0,0,0,3353,Texas
48007,Aransas,23158,16845,0,16845,6313,Texas
17035,Cumberland,11048,0,0,0,11048,Illinois
37187,Washington,13228,4265,0,4265,8963,NorthCarolina
54095,Tyler,9208,824,0,824,8384,WestVirginia
17153,Pulaski,6161,0,0,0,6161,Illinois
34023,Middlesex,809858,804397,804397,0,5461,NewJersey
51073,Gloucester,36858,13038,8861,4177,23820,Virginia
31155,Saunders,20780,6964,0,6964,13816,Nebraska
54035,Jackson,29211,8343,0,8343,20868,WestVirginia
47087,Jackson,11638,0,0,0,11638,Tennessee
51530,Buena Vista city,6650,6391,0,6391,259,Virginia
54059,Mingo,26839,2754,0,2754,24085,WestVirginia
10001,Kent,162310,118536,108113,10423,43774,Delaware
48181,Grayson,120877,68718,61900,6818,52159,Texas
18141,St. Joseph,266931,242903,238101,4802,24028,Indiana
16065,Madison,37536,26852,0,26852,10684,Idaho
19043,Clayton,18129,617,0,617,17512,Iowa
45073,Oconee,74273,26054,0,26054,48219,SouthCarolina
8027,Custer,4255,0,0,0,4255,Colorado
47009,Blount,123010,82870,82870,0,40140,Tennessee
17145,Perry,22350,12596,0,12596,9754,Illinois
55079,Milwaukee,947735,945915,945915,0,1820,Wisconsin
31013,Box Butte,11308,8486,0,8486,2822,Nebraska
31027,Cedar,8852,0,0,0,8852,Nebraska
28101,Newton,21720,2810,0,2810,18910,Mississippi
51125,Nelson,15020,0,0,0,15020,Virginia
48349,Navarro,47735,22599,0,22599,25136,Texas
39073,Hocking,29380,8567,0,8567,20813,Ohio
40065,Jackson,26446,19900,0,19900,6546,Oklahoma
40117,Pawnee,16577,3128,0,3128,13449,Oklahoma
8103,Rio Blanco,6666,0,0,0,6666,Colorado
37121,Mitchell,15579,2704,0,2704,12875,NorthCarolina
48307,McCulloch,8283,5357,0,5357,2926,Texas
51057,Essex,11151,2534,0,2534,8617,Virginia
22113,Vermilion Parish,57999,26319,2225,24094,31680,Louisiana
38009,Bottineau,6429,0,0,0,6429,NorthDakota
36035,Fulton,55531,27558,0,27558,27973,NewYork
72005,Aguadilla Municipio,60949,60906,60906,0,43,PuertoRico
40089,McCurtain,33151,10193,0,10193,22958,Oklahoma
46127,Union,14399,5559,5559,0,8840,SouthDakota
19183,Washington,21704,6628,0,6628,15076,Iowa
22067,Morehouse Parish,27979,13979,0,13979,14000,Louisiana
2290,Yukon-Koyukuk Census Area,5588,0,0,0,5588,Alaska
5025,Cleveland,8689,0,0,0,8689,Arkansas
48079,Cochran,3127,0,0,0,3127,Texas
51153,Prince William,402002,385254,385254,0,16748,Virginia
48137,Edwards,2002,0,0,0,2002,Texas
37167,Stanly,60585,19561,0,19561,41024,NorthCarolina
44007,Providence,626667,592145,592145,0,34522,RhodeIsland
48035,Bosque,18212,3421,0,3421,14791,Texas
1029,Cleburne,14972,0,0,0,14972,Alabama
36045,Jefferson,116229,60382,57840,2542,55847,NewYork
24011,Caroline,33066,7936,0,7936,25130,Maryland
29137,Monroe,8840,0,0,0,8840,Missouri
48247,Jim Hogg,5300,4378,0,4378,922,Texas
22081,Red River Parish,9091,0,0,0,9091,Louisiana
4015,Mohave,200186,154216,53427,100789,45970,Arizona
51045,Craig,5190,0,0,0,5190,Virginia
13191,McIntosh,14333,3682,0,3682,10651,Georgia
17103,Lee,36031,16858,0,16858,19173,Illinois
6033,Lake,64665,43257,0,43257,21408,California
18121,Parke,17339,4339,0,4339,13000,Indiana
19197,Wright,13229,5715,0,5715,7514,Iowa
29183,St. Charles,360485,339467,339467,0,21018,Missouri
21007,Ballard,8249,0,0,0,8249,Kentucky
6057,Nevada,98764,57150,0,57150,41614,California
1093,Marion,30776,3430,0,3430,27346,Alabama
12087,Monroe,73090,66721,0,66721,6369,Florida
5003,Ashley,21853,10559,0,10559,11294,Arkansas
17169,Schuyler,7544,3196,0,3196,4348,Illinois
54041,Lewis,16372,5077,0,5077,11295,WestVirginia
16045,Gem,16719,9192,0,9192,7527,Idaho
19139,Muscatine,42745,31823,0,31823,10922,Iowa
2070,Dillingham Census Area,4847,0,0,0,4847,Alaska
28125,Sharkey,4916,0,0,0,4916,Mississippi
48207,Haskell,5899,3090,0,3090,2809,Texas
38073,Ransom,5457,0,0,0,5457,NorthDakota
42131,Wyoming,28276,4678,1252,3426,23598,Pennsylvania
16023,Butte,2891,0,0,0,2891,Idaho
30003,Big Horn,12865,3614,0,3614,9251,Montana
55129,Washburn,15911,2673,0,2673,13238,Wisconsin
54007,Braxton,14523,0,0,0,14523,WestVirginia
12089,Nassau,73314,38016,0,38016,35298,Florida
20077,Harper,6034,0,0,0,6034,Kansas
51790,Staunton city,23746,22869,22869,0,877,Virginia
12063,Jackson,49746,12256,0,12256,37490,Florida
34033,Salem,66083,36147,26228,9919,29936,NewJersey
48339,Montgomery,455746,352175,305486,46689,103571,Texas
27125,Red Lake,4089,0,0,0,4089,Minnesota
51035,Carroll,30042,858,0,858,29184,Virginia
8087,Morgan,28159,18994,0,18994,9165,Colorado
18049,Fulton,20836,7309,0,7309,13527,Indiana
28025,Clay,20634,9173,0,9173,11461,Mississippi
47075,Haywood,18787,9879,0,9879,8908,Tennessee
51109,Louisa,33153,0,0,0,33153,Virginia
18113,Noble,47536,15188,0,15188,32348,Indiana
32023,Nye,43946,28446,0,28446,15500,Nevada
22015,Bossier Parish,116979,88504,83133,5371,28475,Louisiana
8081,Moffat,13795,10021,0,10021,3774,Colorado
27123,Ramsey,508640,507688,507688,0,952,Minnesota
33007,Coos,33055,11159,0,11159,21896,NewHampshire
6011,Colusa,21419,14624,0,14624,6795,California
48505,Zapata,14018,10719,0,10719,3299,Texas
47033,Crockett,14586,4758,0,4758,9828,Tennessee
20043,Doniphan,7945,2368,2368,0,5577,Kansas
22077,Pointe Coupee Parish,22802,9620,0,9620,13182,Louisiana
5139,Union,41639,18944,0,18944,22695,Arkansas
21227,Warren,113792,78306,78306,0,35486,Kentucky
13147,Hart,25213,6438,0,6438,18775,Georgia
28021,Claiborne,9604,0,0,0,9604,Mississippi
72121,Sabana Grande Municipio,25265,23163,23163,0,2102,PuertoRico
48231,Hunt,86129,37353,0,37353,48776,Texas
41039,Lane,351715,290084,247421,42663,61631,Oregon
18007,Benton,8854,0,0,0,8854,Indiana
51063,Floyd,15279,0,0,0,15279,Virginia
39095,Lucas,441815,421226,421226,0,20589,Ohio
20173,Sedgwick,498365,460197,460197,0,38168,Kansas
39133,Portage,161419,108452,102302,6150,52967,Ohio
48287,Lee,16612,5030,0,5030,11582,Texas
13059,Clarke,116714,109875,109875,0,6839,Georgia
6041,Marin,252409,235952,235952,0,16457,California
38077,Richland,16321,7834,0,7834,8487,NorthDakota
51011,Appomattox,14973,0,0,0,14973,Virginia
16033,Clark,982,0,0,0,982,Idaho
48193,Hamilton,8517,3034,0,3034,5483,Texas
41055,Sherman,1765,0,0,0,1765,Oregon
26037,Clinton,75382,35485,27060,8425,39897,Michigan
17085,Jo Daviess,22678,6216,3051,3165,16462,Illinois
19153,Polk,430640,409501,406100,3401,21139,Iowa
47113,Madison,98294,72908,71880,1028,25386,Tennessee
13183,Long,14464,2699,2699,0,11765,Georgia
42121,Venango,54984,24877,0,24877,30107,Pennsylvania
55001,Adams,20875,0,0,0,20875,Wisconsin
1043,Cullman,80406,21517,0,21517,58889,Alabama
19123,Mahaska,22381,12545,0,12545,9836,Iowa
17159,Richland,16233,9177,0,9177,7056,Illinois
48283,La Salle,6886,3694,0,3694,3192,Texas
40131,Rogers,86905,43196,17874,25322,43709,Oklahoma
8009,Baca,3788,0,0,0,3788,Colorado
20197,Wabaunsee,7053,0,0,0,7053,Kansas
47013,Campbell,40716,18313,0,18313,22403,Tennessee
13173,Lanier,10078,2910,0,2910,7168,Georgia
26009,Antrim,23580,0,0,0,23580,Michigan
17201,Winnebago,295266,271898,271898,0,23368,Illinois
56043,Washakie,8533,5465,0,5465,3068,Wyoming
29033,Carroll,9295,3296,0,3296,5999,Missouri
30085,Roosevelt,10425,6283,0,6283,4142,Montana
46057,Hamlin,5903,0,0,0,5903,SouthDakota
29055,Crawford,24696,6592,0,6592,18104,Missouri
2105,Hoonah-Angoon Census Area,2150,0,0,0,2150,Alaska
48351,Newton,14445,0,0,0,14445,Texas
36025,Delaware,47980,10381,0,10381,37599,NewYork
13227,Pickens,29431,7916,0,7916,21515,Georgia
35001,Bernalillo,662564,634766,634766,0,27798,NewMexico
26109,Menominee,24029,8570,0,8570,15459,Michigan
48395,Robertson,16622,4346,0,4346,12276,Texas
29047,Clay,221939,200154,179607,20547,21785,Missouri
1009,Blount,57322,5760,386,5374,51562,Alabama
1051,Elmore,79303,36330,26957,9373,42973,Alabama
18183,Whitley,33292,9600,375,9225,23692,Indiana
47093,Knox,432226,385021,384976,45,47205,Tennessee
39131,Pike,28709,7396,0,7396,21313,Ohio
46101,Moody,6486,0,0,0,6486,SouthDakota
8071,Las Animas,15507,9181,0,9181,6326,Colorado
27169,Winona,51461,33689,0,33689,17772,Minnesota
18013,Brown,15242,0,0,0,15242,Indiana
45003,Aiken,160099,100864,100864,0,59235,SouthCarolina
45043,Georgetown,60158,35182,7539,27643,24976,SouthCarolina
25013,Hampden,463490,423765,423765,0,39725,Massachusetts
40069,Johnston,10957,0,0,0,10957,Oklahoma
51053,Dinwiddie,28001,8062,8062,0,19939,Virginia
26123,Newaygo,48460,7831,0,7831,40629,Michigan
42027,Centre,153990,104378,87454,16924,49612,Pennsylvania
31113,Logan,763,0,0,0,763,Nebraska
27023,Chippewa,12441,6178,0,6178,6263,Minnesota
31171,Thomas,647,0,0,0,647,Nebraska
50025,Windham,44513,14135,0,14135,30378,Vermont
31011,Boone,5505,0,0,0,5505,Nebraska
18147,Spencer,20952,0,0,0,20952,Indiana
20059,Franklin,25992,12450,0,12450,13542,Kansas
21231,Wayne,20813,6716,0,6716,14097,Kentucky
37009,Ashe,27281,4129,0,4129,23152,NorthCarolina
19149,Plymouth,24986,9260,23,9237,15726,Iowa
51135,Nottoway,15853,7555,0,7555,8298,Virginia
33009,Grafton,89118,27880,0,27880,61238,NewHampshire
37129,New Hanover,202667,198178,198178,0,4489,NorthCarolina
48187,Guadalupe,131533,97121,72999,24122,34412,Texas
31081,Hamilton,9124,4466,0,4466,4658,Nebraska
37007,Anson,26948,5791,0,5791,21157,NorthCarolina
8035,Douglas,285465,256098,247595,8503,29367,Colorado
30033,Garfield,1206,0,0,0,1206,Montana
51071,Giles,17286,5828,0,5828,11458,Virginia
37101,Johnston,168878,80999,37449,43550,87879,NorthCarolina
42125,Washington,207820,143760,138817,4943,64060,Pennsylvania
31173,Thurston,6940,0,0,0,6940,Nebraska
47029,Cocke,35662,11579,0,11579,24083,Tennessee
72041,Cidra Municipio,43480,41788,41788,0,1692,PuertoRico
34013,Essex,783969,783855,783855,0,114,NewJersey
36097,Schuyler,18343,3457,0,3457,14886,NewYork
21137,Lincoln,24742,4538,0,4538,20204,Kentucky
8055,Huerfano,6711,2943,0,2943,3768,Colorado
10005,Sussex,197145,115717,24588,91129,81428,Delaware
27161,Waseca,19136,9537,0,9537,9599,Minnesota
8069,Larimer,299630,264692,251386,13306,34938,Colorado
47181,Wayne,17021,0,0,0,17021,Tennessee
38019,Cavalier,3993,0,0,0,3993,NorthDakota
41023,Grant,7445,0,0,0,7445,Oregon
32015,Lander,5775,3520,0,3520,2255,Nevada
1007,Bibb,22915,7252,0,7252,15663,Alabama
5019,Clark,22995,10491,0,10491,12504,Arkansas
29203,Shannon,8441,0,0,0,8441,Missouri
37013,Beaufort,47759,16429,0,16429,31330,NorthCarolina
12113,Santa Rosa,151372,119600,119600,0,31772,Florida
2240,Southeast Fairbanks Census Area,7029,0,0,0,7029,Alaska
48087,Collingsworth,3057,0,0,0,3057,Texas
39029,Columbiana,107841,60537,0,60537,47304,Ohio
21157,Marshall,31448,4447,0,4447,27001,Kentucky
51690,Martinsville city,13821,13821,0,13821,0,Virginia
31039,Cuming,9139,3180,0,3180,5959,Nebraska
29173,Ralls,10167,396,0,396,9771,Missouri
48439,Tarrant,1809034,1785730,1785397,333,23304,Texas
48053,Burnet,42750,18950,0,18950,23800,Texas
16001,Ada,392365,370894,349911,20983,21471,Idaho
47147,Robertson,66283,30994,13186,17808,35289,Tennessee
27105,Nobles,21378,12616,0,12616,8762,Minnesota
19143,Osceola,6462,2690,0,2690,3772,Iowa
8025,Crowley,5823,0,0,0,5823,Colorado
37067,Forsyth,350670,324908,324908,0,25762,NorthCarolina
48335,Mitchell,9403,5948,0,5948,3455,Texas
18143,Scott,24181,11434,0,11434,12747,Indiana
20065,Graham,2597,0,0,0,2597,Kansas
29013,Bates,17049,3875,0,3875,13174,Missouri
12075,Levy,40801,3244,0,3244,37557,Florida
4025,Yavapai,211033,140976,84744,56232,70057,Arizona
17199,Williamson,66357,43266,39645,3621,23091,Illinois
39031,Coshocton,36901,14218,0,14218,22683,Ohio
72133,Santa Isabel Municipio,23274,20295,0,20295,2979,PuertoRico
13067,Cobb,688078,686384,686384,0,1694,Georgia
32033,White Pine,10030,4681,0,4681,5349,Nevada
17105,Livingston,38950,23057,0,23057,15893,Illinois
13117,Forsyth,175511,158097,158097,0,17414,Georgia
30087,Rosebud,9233,0,0,0,9233,Montana
55021,Columbia,56833,22352,0,22352,34481,Wisconsin
42075,Lebanon,133568,98098,98098,0,35470,Pennsylvania
28087,Lowndes,59779,34314,0,34314,25465,Mississippi
4019,Pima,980263,906513,834443,72070,73750,Arizona
51515,Bedford city,6222,6094,0,6094,128,Virginia
19089,Howard,9566,3540,0,3540,6026,Iowa
1101,Montgomery,229363,205300,205300,0,24063,Alabama
29079,Grundy,10261,5596,0,5596,4665,Missouri
38093,Stutsman,21100,15284,0,15284,5816,NorthDakota
17203,Woodford,38664,17443,5444,11999,21221,Illinois
18039,Elkhart,197559,156887,146461,10426,40672,Indiana
17079,Jasper,9698,2923,0,2923,6775,Illinois
40085,Love,9423,0,0,0,9423,Oklahoma
72013,Arecibo Municipio,96440,87401,87401,0,9039,PuertoRico
48213,Henderson,78532,31326,0,31326,47206,Texas
21133,Letcher,24519,0,0,0,24519,Kentucky
19085,Harrison,14928,2819,0,2819,12109,Iowa
56041,Uinta,21118,12017,0,12017,9101,Wyoming
20031,Coffey,8601,2503,0,2503,6098,Kansas
27085,McLeod,36651,19588,0,19588,17063,Minnesota
19023,Butler,14867,0,0,0,14867,Iowa
56013,Fremont,40123,19490,0,19490,20633,Wyoming
27165,Watonwan,11211,4585,0,4585,6626,Minnesota
1125,Tuscaloosa,194656,145003,139114,5889,49653,Alabama
13097,Douglas,132403,111540,111540,0,20863,Georgia
38065,Oliver,1846,0,0,0,1846,NorthDakota
12081,Manatee,322833,304140,304140,0,18693,Florida
13181,Lincoln,7996,0,0,0,7996,Georgia
